0 
1 
2 
3 
4 
5 
6 
7 
8 
9 9 
10 
11 
12 
13 
14 
15 
16 
17 
18 
19 
20 
21 
22 
23 
24 
25 
26 
27 
28 
29 
30 
31 
32 493 
33 33 
34 
35 
36 
37 
38 
39 
40 
41 
42 
43 
44 
45 
46 
47 
48 
49 
50 
51 
52 
53 
54 
55 
56 
57 
58 
59 
60 
61 
62 
63 
64 
65 
66 
67 
68 
69 
70 
71 
72 
73 
74 
75 
76 
77 
78 
79 
80 
81 
82 
83 
84 
85 
86 
87 
88 
89 
90 
91 
92 
93 
94 
95 
96 
97 
98 
99 
100 
101 
102 
103 
104 
105 
106 
107 
108 
109 
110 
111 
112 
113 
114 
115 
116 
117 
118 
119 
120 
121 
122 
123 
124 
125 
126 
127 
128 
129 
130 
131 
132 
133 
134 
135 
136 
137 
138 
139 
140 
141 
142 
143 
144 
145 
146 
147 
148 
149 
150 
151 
152 
153 694 
154 
155 
156 
157 776 711 
158 
159 
160 
161 
162 
163 
164 
165 
166 
167 
168 
169 
170 
171 
172 
173 
174 
175 
176 
177 
178 
179 
180 
181 
182 
183 
184 
185 
186 
187 
188 
189 
190 
191 
192 
193 
194 
195 
196 
197 
198 
199 
200 
201 
202 
203 
204 
205 
206 
207 
208 
209 
210 
211 
212 
213 
214 
215 
216 
217 
218 
219 
220 
221 
222 
223 
224 
225 
226 
227 
228 
229 
230 
231 
232 
233 
234 
235 
236 
237 
238 
239 
240 
241 
242 
243 
244 
245 
246 
247 
248 
249 
250 
251 
252 
253 
254 
255 
256 
257 
258 
259 
260 
261 
262 
263 
264 
265 
266 
267 
268 
269 
270 
271 
272 
273 541 
274 
275 
276 
277 
278 
279 
280 
281 500 281 
282 
283 
284 
285 
286 
287 
288 
289 
290 
291 
292 
293 
294 
295 
296 
297 
298 
299 
300 
301 
302 
303 
304 
305 
306 
307 
308 
309 
310 
311 
312 
313 
314 
315 
316 
317 
318 
319 
320 
321 
322 
323 
324 
325 
326 
327 
328 
329 
330 
331 
332 
333 
334 
335 
336 
337 
338 
339 
340 
341 
342 
343 
344 
345 
346 
347 
348 
349 
350 
351 
352 
353 
354 
355 
356 
357 
358 
359 
360 
361 
362 
363 
364 
365 
366 
367 
368 
369 
370 
371 
372 
373 
374 
375 
376 
377 
378 
379 
380 
381 
382 
383 
384 
385 
386 
387 
388 
389 
390 
391 
392 
393 
394 
395 
396 
397 
398 
399 
400 
401 
402 
403 
404 
405 
406 
407 
408 
409 
410 
411 
412 
413 
414 
415 
416 
417 
418 
419 
420 
421 
422 
423 
424 
425 
426 
427 
428 
429 
430 
431 
432 
433 
434 
435 
436 
437 
438 259 421 
439 
440 
441 
442 
443 
444 
445 
446 
447 
448 
449 
450 
451 
452 
453 
454 
455 
456 
457 
458 
459 
460 
461 
462 
463 
464 
465 
466 
467 
468 
469 
470 
471 
472 
473 
474 
475 
476 
477 
478 
479 
480 
481 245 
482 
483 
484 
485 
486 
487 
488 
489 
490 
491 
492 
493 
494 
495 
496 
497 
498 
499 
500 
501 
502 
503 
504 
505 
506 
507 
508 
509 
510 
511 
512 
513 
514 
515 
516 
517 
518 
519 
520 
521 
522 
523 
524 
525 
526 
527 
528 
529 
530 
531 
532 
533 
534 
535 
536 
537 
538 
539 
540 
541 
542 
543 
544 
545 
546 
547 
548 
549 
550 
551 
552 
553 
554 
555 
556 
557 
558 
559 
560 
561 
562 
563 
564 
565 9439 
566 
567 
568 
569 
570 
571 
572 
573 
574 
575 
576 
577 
578 
579 
580 
581 
582 
583 
584 
585 
586 
587 800 
588 
589 
590 
591 
592 
593 281 
594 
595 
596 
597 
598 
599 
600 
601 
602 
603 
604 
605 
606 
607 
608 
609 
610 
611 
612 
613 
614 
615 
616 
617 
618 
619 
620 
621 
622 
623 
624 
625 
626 
627 
628 
629 
630 
631 
632 
633 
634 
635 
636 
637 
638 
639 
640 
641 
642 
643 
644 
645 
646 
647 
648 
649 
650 
651 
652 
653 
654 
655 
656 
657 
658 
659 
660 445 
661 
662 
663 
664 
665 
666 
667 
668 
669 
670 
671 
672 
673 
674 
675 
676 
677 
678 
679 
680 
681 
682 
683 
684 
685 
686 
687 
688 
689 
690 
691 
692 
693 
694 
695 
696 
697 
698 
699 
700 
701 
702 
703 
704 
705 
706 
707 
708 
709 
710 
711 694 
712 
713 
714 
715 
716 
717 
718 
719 
720 
721 
722 
723 
724 
725 
726 
727 
728 
729 
730 
731 
732 
733 
734 
735 
736 
737 
738 
739 
740 
741 
742 
743 
744 
745 
746 
747 
748 
749 
750 
751 
752 
753 
754 
755 
756 
757 
758 
759 
760 
761 
762 
763 
764 
765 
766 
767 
768 
769 
770 
771 
772 
773 
774 
775 
776 
777 
778 
779 
780 
781 7740 
782 
783 
784 
785 
786 
787 
788 
789 
790 
791 
792 
793 
794 
795 
796 
797 
798 
799 
800 539 
801 
802 
803 
804 
805 
806 
807 
808 
809 
810 
811 
812 
813 
814 
815 
816 
817 
818 
819 
820 
821 
822 
823 
824 
825 
826 
827 
828 
829 
830 
831 
832 
833 
834 
835 
836 
837 
838 
839 
840 
841 
842 
843 
844 
845 
846 
847 
848 
849 
850 
851 
852 
853 
854 
855 
856 
857 
858 
859 
860 
861 
862 
863 
864 
865 
866 
867 
868 
869 
870 
871 
872 
873 
874 
875 
876 
877 
878 
879 
880 
881 
882 
883 
884 
885 
886 
887 
888 
889 
890 
891 
892 
893 
894 
895 
896 
897 
898 
899 
900 
901 
902 
903 
904 
905 
906 
907 
908 
909 
910 
911 
912 
913 
914 
915 
916 
917 
918 
919 
920 
921 
922 
923 
924 
925 
926 
927 
928 
929 
930 
931 
932 
933 
934 
935 
936 
937 
938 
939 
940 
941 
942 
943 
944 
945 
946 
947 
948 
949 
950 
951 
952 
953 
954 
955 
956 
957 
958 
959 
960 
961 
962 
963 
964 
965 
966 
967 
968 
969 
970 
971 
972 
973 
974 
975 
976 8311 
977 
978 
979 
980 
981 
982 
983 
984 
985 
986 
987 
988 
989 
990 
991 
992 
993 
994 
995 
996 
997 
998 
999 
1000 
1001 
1002 
1003 
1004 
1005 
1006 
1007 
1008 
1009 
1010 
1011 
1012 
1013 
1014 
1015 
1016 
1017 
1018 
1019 
1020 
1021 
1022 
1023 
1024 
1025 
1026 
1027 
1028 
1029 1912 
1030 
1031 2228 
1032 1732 
1033 
1034 
1035 
1036 2046 
1037 1314 
1038 1291 
1039 
1040 1746 1314 
1041 
1042 
1043 2252 
1044 
1045 
1046 1746 
1047 
1048 1451 
1049 1350 
1050 1222 
1051 
1052 1153 1693 2042 
1053 1153 
1054 
1055 
1056 
1057 
1058 2252 1628 
1059 
1060 1719 10211 
1061 1460 1087 1283 1748 1526 1442 
1062 
1063 2129 
1064 
1065 
1066 2228 
1067 
1068 1905 1374 1877 1732 1369 
1069 2046 
1070 1849 
1071 1138 
1072 1864 2037 
1073 
1074 1312 1848 
1075 1896 1390 
1076 2004 
1077 1795 
1078 2094 1526 
1079 
1080 
1081 
1082 1746 
1083 
1084 
1085 1153 1369 
1086 1314 1346 
1087 1460 
1088 
1089 
1090 
1091 1709 1659 1835 
1092 1746 1151 
1093 2077 
1094 
1095 
1096 1662 
1097 2077 
1098 1158 
1099 2078 1746 3050 
1100 
1101 
1102 
1103 2252 
1104 1835 
1105 
1106 
1107 
1108 
1109 1860 
1110 
1111 1824 1294 3050 1216 
1112 1732 
1113 
1114 1746 1346 
1115 
1116 1896 1125 1373 
1117 
1118 1346 1746 8570 3050 
1119 1119 
1120 1123 
1121 1947 
1122 1390 1043 
1123 1123 
1124 2037 
1125 2217 
1126 
1127 1314 
1128 1814 
1129 
1130 1367 1442 
1131 
1132 1524 
1133 
1134 
1135 1346 1746 8570 3050 
1136 1367 1350 
1137 
1138 1465 
1139 1138 
1140 1490 1783 
1141 1434 1179 
1142 
1143 
1144 1746 1294 1546 
1145 1524 
1146 
1147 1158 2043 
1148 2011 
1149 1603 
1150 
1151 1746 3050 
1152 
1153 1905 1460 1922 1710 
1154 1346 1338 1796 
1155 1746 1434 3050 
1156 
1157 
1158 
1159 
1160 
1161 
1162 
1163 
1164 2250 1849 
1165 2227 1087 1748 
1166 
1167 
1168 1474 
1169 1297 
1170 
1171 1546 
1172 1149 
1173 
1174 9116 
1175 
1176 1290 2078 1877 1746 1446 1179 1216 
1177 1748 1058 
1178 
1179 1746 
1180 1201 
1181 
1182 1783 
1183 1940 2089 
1184 
1185 1367 
1186 
1187 1153 1922 1733 1732 
1188 1490 1087 2217 
1189 1905 2177 
1190 1536 1861 1860 
1191 2095 
1192 1868 
1193 2129 
1194 1905 1460 1922 1710 
1195 1460 1746 
1196 1877 1732 
1197 
1198 1905 2177 
1199 1852 
1200 
1201 
1202 
1203 1719 1603 2028 2059 
1204 1877 1732 
1205 
1206 
1207 1064 
1208 1346 1746 8570 3050 
1209 3455 1451 
1210 1210 
1211 2078 1746 1390 
1212 
1213 8576 
1214 1370 
1215 
1216 1905 1628 
1217 1378 
1218 1446 1922 1746 
1219 
1220 
1221 2217 1058 1896 
1222 
1223 1279 
1224 1390 1442 
1225 
1226 1346 1286 
1227 
1228 1940 
1229 
1230 
1231 
1232 2095 
1233 1033 1283 1526 
1234 
1235 
1236 2073 
1237 
1238 1298 
1239 1746 3050 
1240 
1241 
1242 2077 
1243 1472 1369 1559 
1244 
1245 1536 1861 
1246 
1247 1667 
1248 1442 1379 
1249 
1250 1603 2028 
1251 2078 1746 3050 1546 
1252 
1253 1435 
1254 1896 2217 1350 2189 
1255 
1256 1436 1474 1314 
1257 
1258 1726 1987 
1259 
1260 
1261 
1262 1905 1628 1710 
1263 2146 
1264 
1265 
1266 2095 
1267 
1268 
1269 1442 1896 1058 1314 1483 2227 1043 
1270 1472 
1271 1875 
1272 1058 1058 
1273 
1274 1987 
1275 
1276 
1277 1922 
1278 
1279 
1280 
1281 1156 
1282 2241 
1283 2252 
1284 3455 
1285 
1286 
1287 
1288 
1289 
1290 1908 
1291 2738 
1292 1603 1297 
1293 1105 1747 
1294 3050 
1295 1201 
1296 1346 2217 
1297 1490 
1298 
1299 
1300 2227 1087 1255 2738 1849 
1301 1436 1628 2236 1314 1058 
1302 
1303 
1304 
1305 1314 1928 1874 1058 
1306 1346 1746 3050 
1307 1747 
1308 2326 
1309 1746 
1310 
1311 
1312 
1313 
1314 1628 
1315 1294 1520 3050 
1316 
1317 1083 1436 2189 1314 1058 
1318 
1319 1390 
1320 
1321 1670 
1322 1442 
1323 
1324 2101 
1325 
1326 1905 1628 1710 
1327 1746 
1328 1348 
1329 1461 
1330 2089 
1331 2214 
1332 1732 1222 
1333 2028 
1334 1732 1222 
1335 
1336 1045 
1337 
1338 
1339 
1340 1835 
1341 
1342 
1343 1370 
1344 1158 
1345 
1346 1358 3010 
1347 2252 
1348 
1349 1465 
1350 1490 2217 
1351 
1352 
1353 
1354 
1355 1933 
1356 
1357 1153 1277 1662 
1358 
1359 
1360 1490 2252 2767 1746 3050 
1361 
1362 
1363 1314 
1364 1746 
1365 1153 1127 1638 1216 1969 
1366 
1367 
1368 
1369 
1370 
1371 1294 1898 
1372 1963 1380 
1373 1490 
1374 1369 
1375 1835 
1376 
1377 
1378 1348 
1379 1670 
1380 
1381 
1382 2011 
1383 
1384 1314 2143 
1385 
1386 
1387 9802 
1388 1935 1214 1370 
1389 
1390 
1391 1415 1064 2111 
1392 
1393 1346 1746 
1394 1490 
1395 1940 2089 
1396 
1397 
1398 
1399 
1400 1151 
1401 
1402 1474 
1403 1771 
1404 
1405 
1406 
1407 
1408 
1409 1158 2043 
1410 1461 
1411 
1412 2228 1045 
1413 
1414 
1415 2077 
1416 1490 
1417 2159 
1418 1490 
1419 1922 
1420 1388 1390 
1421 
1422 
1423 1474 
1424 
1425 1783 
1426 1348 
1427 1390 
1428 1460 
1429 
1430 1898 
1431 1434 
1432 
1433 1083 2189 1314 1058 
1434 2078 1346 1746 3050 1710 
1435 
1436 1746 1314 
1437 
1438 1624 
1439 1390 1524 
1440 
1441 2732 
1442 
1443 2030 
1444 
1445 3050 
1446 1746 
1447 1153 
1448 
1449 
1450 2011 1987 
1451 3455 
1452 2011 
1453 1348 
1454 1261 
1455 
1456 
1457 2228 
1458 
1459 
1460 
1461 2177 
1462 1746 3050 
1463 1469 
1464 2146 1346 1546 1667 
1465 4026 
1466 2046 
1467 
1468 2236 
1469 1795 
1470 2250 1849 
1471 1824 
1472 
1473 2147 1746 3050 
1474 1083 2189 1314 1058 
1475 
1476 1635 2055 
1477 1709 1659 1835 
1478 
1479 1627 
1480 
1481 1719 
1482 
1483 
1484 
1485 2116 
1486 2012 
1487 
1488 
1489 
1490 3455 1451 
1491 2767 3010 
1492 
1493 
1494 
1495 2228 
1496 1747 
1497 
1498 1868 
1499 1958 1952 
1500 1202 
1501 
1502 1935 1214 1370 
1503 
1504 
1505 1390 1524 
1506 
1507 
1508 1460 1746 3480 3050 
1509 1119 
1510 1835 
1511 1290 2078 1877 1746 1446 1179 1216 
1512 
1513 
1514 1295 
1515 1732 1419 
1516 
1517 
1518 
1519 
1520 1824 1294 3050 
1521 
1522 1987 
1523 1746 2147 
1524 
1525 
1526 
1527 1905 
1528 
1529 
1530 
1531 1279 
1532 
1533 1526 
1534 
1535 1835 
1536 1860 
1537 1627 1635 1043 2055 1537 2143 
1538 1644 1746 
1539 
1540 
1541 2228 1045 
1542 1153 1316 1922 1390 1064 
1543 1367 1350 
1544 
1545 8280 8576 
1546 1746 1294 
1547 2142 1314 
1548 1771 
1549 
1550 
1551 
1552 1552 2078 
1553 
1554 
1555 
1556 1136 1043 2143 
1557 1460 
1558 2054 1434 
1559 1472 
1560 
1561 
1562 2228 1045 
1563 
1564 2227 1087 1255 2738 1849 
1565 
1566 1793 1294 2033 1546 
1567 1726 1619 1987 
1568 1294 1520 
1569 
1570 1251 2257 1434 
1571 
1572 1526 1721 
1573 
1574 
1575 
1576 1474 1314 
1577 1512 
1578 1465 
1579 1635 1136 1043 2055 2143 
1580 1119 
1581 1835 1746 1442 
1582 1388 1214 
1583 
1584 1603 
1585 2250 
1586 
1587 2228 
1588 1490 1451 
1589 2252 1451 1460 
1590 
1591 1832 
1592 1348 
1593 1795 
1594 
1595 
1596 2211 1596 1995 
1597 1905 1153 1922 1277 
1598 
1599 
1600 1395 1940 
1601 1469 1924 1795 
1602 
1603 
1604 
1605 
1606 2078 1746 
1607 
1608 1460 1083 1436 2236 1628 1314 
1609 
1610 1451 
1611 1490 2252 2767 1746 3050 
1612 2109 
1613 1442 
1614 
1615 
1616 2142 1314 
1617 1346 
1618 1536 1861 1860 
1619 1726 1987 
1620 
1621 1285 
1622 1033 1358 1835 1490 1087 2252 1373 
1623 
1624 
1625 
1626 2164 
1627 1952 1442 
1628 1460 
1629 
1630 
1631 1490 1451 
1632 
1633 1830 
1634 
1635 
1636 1905 1710 
1637 1746 3050 1445 2142 1442 
1638 1627 1873 1086 1216 
1639 
1640 1952 
1641 1922 
1642 2250 2257 1436 1201 
1643 1830 
1644 
1645 1251 1434 2257 
1646 1461 1922 
1647 
1648 
1649 
1650 1294 
1651 1721 
1652 9102 1191 1980 
1653 1346 3050 1442 
1654 1628 1314 
1655 
1656 3050 
1657 1442 
1658 
1659 1709 
1660 1746 
1661 
1662 
1663 1746 3217 
1664 
1665 2250 1627 1479 2257 1616 1043 1436 1474 1849 1314 1948 
1666 
1667 2077 
1668 9009 
1669 1490 1451 
1670 
1671 
1672 
1673 
1674 1627 
1675 1603 
1676 
1677 1731 1314 
1678 1153 1526 
1679 1472 
1680 1603 
1681 1908 
1682 
1683 1746 3050 
1684 
1685 
1686 
1687 
1688 1746 3050 1367 1849 
1689 1627 1746 3050 1314 
1690 1451 1393 1849 
1691 1283 
1692 1465 
1693 2042 
1694 1395 1767 
1695 1460 1746 
1696 2164 
1697 
1698 1732 
1699 1719 
1700 4020 
1701 1627 1033 
1702 1702 
1703 1662 
1704 1390 
1705 
1706 1710 
1707 1225 
1708 
1709 1524 
1710 
1711 1490 2078 1445 
1712 1719 
1713 1202 
1714 1746 
1715 1877 
1716 1871 
1717 
1718 
1719 3705 1603 2028 
1720 1341 1750 
1721 1526 1877 
1722 1472 
1723 
1724 1963 
1725 1444 
1726 
1727 1877 1732 
1728 2008 
1729 1291 
1730 1512 
1731 1314 
1732 
1733 1905 
1734 
1735 1388 1214 
1736 
1737 1952 1442 
1738 2189 
1739 1586 
1740 1746 1294 1546 
1741 1877 1732 
1742 
1743 
1744 
1745 
1746 
1747 
1748 1442 
1749 1434 1179 
1750 1835 
1751 
1752 1358 
1753 
1754 1746 
1755 
1756 1877 
1757 
1758 9802 
1759 1446 1922 1746 
1760 
1761 
1762 
1763 
1764 
1765 
1766 1153 1922 1316 
1767 1369 
1768 
1769 
1770 
1771 
1772 1687 
1773 
1774 2228 
1775 2767 1346 2078 1746 1434 1294 1520 1546 
1776 1346 
1777 
1778 1279 
1779 1835 1358 
1780 1277 
1781 
1782 2146 1908 1216 1461 1890 
1783 1451 
1784 1291 
1785 2252 1451 1460 
1786 
1787 2250 
1788 2078 
1789 1490 
1790 1490 
1791 1358 
1792 1460 1746 
1793 1546 1144 
1794 
1795 
1796 1552 
1797 
1798 1746 
1799 
1800 1153 1922 1316 
1801 3050 1367 
1802 
1803 
1804 2011 1452 
1805 1835 1746 
1806 1451 
1807 
1808 1746 1849 
1809 1367 
1810 1158 
1811 1172 1685 
1812 1746 1546 
1813 1314 
1814 
1815 
1816 1469 1924 1795 
1817 1524 
1818 2142 1314 
1819 
1820 1746 
1821 
1822 1767 
1823 1524 
1824 
1825 1896 1125 
1826 
1827 
1828 1506 
1829 
1830 
1831 
1832 
1833 1390 
1834 1952 1746 
1835 
1836 2037 
1837 
1838 
1839 1719 
1840 1153 2111 
1841 1864 
1842 1940 
1843 1868 
1844 
1845 1451 
1846 
1847 
1848 2146 
1849 1627 1746 
1850 
1851 
1852 1524 
1853 
1854 
1855 
1856 
1857 
1858 1490 1287 
1859 1603 1871 
1860 1536 1861 
1861 
1862 1958 1952 
1863 1603 1746 1434 
1864 
1865 2147 1746 3050 
1866 1348 
1867 
1868 
1869 
1870 
1871 
1872 2165 1472 1559 
1873 
1874 1314 1058 
1875 
1876 1251 1746 
1877 1732 
1878 1105 
1879 
1880 
1881 
1882 1346 1746 8570 3050 
1883 
1884 
1885 1314 2214 1526 
1886 
1887 3380 
1888 1861 1860 
1889 
1890 
1891 
1892 
1893 
1894 1346 9538 
1895 1835 1535 
1896 
1897 1346 
1898 
1899 
1900 1346 1442 
1901 1905 1721 1490 
1902 1746 1627 1283 
1903 
1904 1346 
1905 1710 
1906 1346 
1907 
1908 1868 
1909 1388 2055 
1910 
1911 2012 
1912 
1913 1314 
1914 2158 
1915 2217 
1916 
1917 
1918 1748 
1919 
1920 
1921 1827 
1922 
1923 2078 1746 3050 1445 2142 1442 
1924 1795 
1925 1771 
1926 3010 2069 
1927 2055 1857 
1928 1436 1314 1058 
1929 1726 1987 
1930 1216 
1931 
1932 
1933 1490 
1934 1835 1524 
1935 1614 1692 
1936 
1937 1490 
1938 
1939 
1940 2089 
1941 1312 
1942 
1943 1940 
1944 2166 1031 
1945 
1946 1378 1348 
1947 
1948 1436 
1949 1294 
1950 1490 2078 2142 1445 1166 
1951 1852 1835 
1952 
1953 
1954 
1955 
1956 1940 2089 
1957 
1958 3538 
1959 
1960 1291 
1961 1346 
1962 1312 
1963 2095 
1964 
1965 2331 
1966 1279 
1967 1905 1374 1877 1732 1369 
1968 1153 
1969 
1970 1835 1971 
1971 
1972 
1973 1442 
1974 1490 2252 2767 3050 
1975 1490 
1976 2139 
1977 1526 1877 
1978 
1979 1979 
1980 
1981 1981 8402 
1982 1388 1214 
1983 
1984 1952 
1985 1922 2094 1721 
1986 1153 
1987 
1988 1156 1216 1281 1314 2214 1526 1442 
1989 1746 
1990 1662 
1991 2054 
1992 1726 1619 1987 
1993 8576 2051 
1994 1083 1314 1628 1216 
1995 1596 2211 
1996 1996 
1997 
1998 1835 1465 1404 
1999 
2000 1928 
2001 
2002 
2003 2003 2142 
2004 
2005 1390 
2006 
2007 1947 
2008 
2009 
2010 1153 1922 1733 1732 
2011 2011 
2012 
2013 
2014 1603 
2015 2228 
2016 1746 1446 
2017 2252 
2018 1202 
2019 
2020 2732 1783 
2021 
2022 
2023 
2024 1898 
2025 
2026 
2027 1045 
2028 1603 
2029 
2030 
2031 1831 
2032 2011 
2033 1746 1294 
2034 1627 
2035 1158 3277 3319 2755 
2036 
2037 2037 
2038 
2039 
2040 1627 
2041 2078 
2042 
2043 
2044 1732 
2045 
2046 1662 
2047 1251 2257 1434 
2048 2011 
2049 1286 
2050 
2051 8576 
2052 1153 1922 1085 
2053 1490 
2054 1346 1746 1434 1546 
2055 
2056 1746 1434 
2057 
2058 
2059 1460 
2060 
2061 
2062 4020 1472 1559 
2063 
2064 
2065 1856 
2066 1346 
2067 2048 
2068 1765 
2069 
2070 
2071 1746 1628 
2072 1367 1350 
2073 
2074 1524 
2075 1733 1198 
2076 
2077 1908 
2078 1346 1746 8570 3050 
2079 1952 
2080 
2081 1526 
2082 1879 
2083 1586 
2084 
2085 
2086 
2087 1886 
2088 1316 1922 1746 1390 1064 
2089 
2090 1698 1490 
2091 1458 
2092 1490 
2093 1201 
2094 1222 
2095 
2096 2171 
2097 
2098 1868 
2099 
2100 
2101 
2102 
2103 
2104 2012 
2105 1045 
2106 
2107 1136 1043 2143 
2108 1947 
2109 
2110 1524 
2111 1064 2077 
2112 
2113 1367 1442 
2114 
2115 
2116 
2117 1153 1316 1922 1390 1064 
2118 1746 
2119 1536 1861 
2120 1837 2120 
2121 
2122 2122 
2123 
2124 
2125 
2126 
2127 1733 1198 
2128 2095 
2129 1490 1746 
2130 
2131 
2132 
2133 1346 1286 
2134 1805 
2135 1735 2101 1388 
2136 1346 1746 1226 
2137 1940 
2138 1741 
2139 
2140 
2141 
2142 1346 3325 1166 
2143 1488 1674 1436 1314 
2144 1119 
2145 
2146 
2147 1746 1294 
2148 1202 
2149 2011 
2150 
2151 
2152 2011 
2153 1685 
2154 1746 1291 
2155 
2156 
2157 1033 
2158 1698 1490 
2159 
2160 1746 2160 1390 
2161 
2162 1358 
2163 1603 
2164 1524 
2165 4020 1472 1559 
2166 
2167 1746 
2168 2009 
2169 1952 1442 
2170 
2171 1312 
2172 
2173 
2174 1835 
2175 
2176 
2177 2177 1216 1721 
2178 1490 
2179 
2180 1771 
2181 1746 
2182 1291 
2183 1857 1314 1628 2236 
2184 1033 1835 
2185 2257 
2186 
2187 1719 1712 
2188 
2189 1490 1087 2217 1350 1524 
2190 2078 1346 
2191 1064 
2192 1153 
2193 1687 
2194 1461 
2195 
2196 
2197 1127 1314 2214 
2198 
2199 8402 8903 
2200 1833 
2201 1490 1442 1879 1048 
2202 2011 
2203 
2204 2252 1628 
2205 1860 
2206 2973 
2207 
2208 1378 
2209 
2210 1952 1627 2250 1746 1314 2214 
2211 
2212 
2213 
2214 1127 2189 
2215 1216 1729 
2216 
2217 
2218 
2219 
2220 
2221 2250 2257 1436 1201 
2222 1524 
2223 1835 
2224 
2225 
2226 
2227 
2228 2012 
2229 1348 
2230 1783 2159 
2231 1460 1746 
2232 
2233 1835 
2234 1158 1344 
2235 
2236 
2237 
2238 1057 1346 1442 
2239 
2240 1295 
2241 1283 1748 1526 1935 
2242 2012 
2243 
2244 
2245 2078 
2246 
2247 
2248 
2249 1390 1314 1735 2143 
2250 1952 1442 
2251 
2252 1490 1451 
2253 2252 1746 
2254 
2255 1039 3511 1489 4446 
2256 1488 
2257 2250 2217 1849 
2258 
2259 
2260 3402 3395 3454 3123 3199 
2261 
2262 2689 3455 
2263 2464 
2264 3158 2590 
2265 1746 3050 
2266 3089 10159 
2267 
2268 
2269 9479 10159 
2270 
2271 
2272 
2273 3027 2746 
2274 2331 3158 2748 2261 
2275 2351 
2276 2732 
2277 
2278 2761 2836 2471 
2279 2323 
2280 3363 2331 8366 
2281 2767 
2282 2436 2629 2524 
2283 3034 2979 3366 3215 2563 
2284 9463 
2285 3230 2656 
2286 
2287 
2288 
2289 2849 
2290 
2291 
2292 
2293 
2294 2298 
2295 
2296 2647 
2297 
2298 
2299 
2300 
2301 2494 
2302 3410 
2303 
2304 2849 
2305 5552 2836 2963 3215 
2306 2689 
2307 
2308 
2309 3034 2979 3366 3215 2563 
2310 3119 2918 2563 2676 
2311 3029 
2312 3363 
2313 
2314 2269 
2315 
2316 
2317 
2318 2563 
2319 2436 4606 3185 
2320 2689 
2321 
2322 
2323 2755 
2324 
2325 
2326 2539 3158 2331 
2327 
2328 2491 
2329 
2330 2658 
2331 2926 
2332 3023 3123 
2333 
2334 2523 
2335 2926 2331 
2336 
2337 
2338 2628 2471 
2339 4314 2732 3455 
2340 3309 
2341 2761 3215 
2342 2363 2471 3144 3498 
2343 3259 
2344 
2345 2761 2345 2894 3371 2471 2998 
2346 2351 2796 3526 3133 3414 3056 2691 
2347 1732 
2348 
2349 
2350 2465 
2351 
2352 
2353 2400 3115 2532 3374 
2354 3159 
2355 3312 
2356 5077 
2357 
2358 2973 3158 
2359 3034 2269 2958 2569 
2360 3455 
2361 2269 2958 2569 
2362 
2363 
2364 3103 
2365 
2366 2732 
2367 
2368 3523 
2369 
2370 2370 
2371 2524 3113 
2372 3410 2351 
2373 2301 
2374 2823 
2375 3119 2676 
2376 8830 8427 8831 
2377 
2378 
2379 3325 
2380 3363 
2381 2624 
2382 2332 
2383 
2384 
2385 
2386 
2387 2689 2569 
2388 5101 
2389 3283 
2390 
2391 
2392 2878 9067 
2393 
2394 9463 2284 
2395 2755 
2396 2351 9159 3140 
2397 
2398 
2399 
2400 
2401 3010 
2402 
2403 2403 3283 
2404 3115 3075 
2405 2941 
2406 1940 
2407 
2408 
2409 2688 
2410 3119 
2411 
2412 
2413 2761 3374 3031 3023 
2414 5101 
2415 3526 3521 
2416 
2417 2926 
2418 
2419 2652 
2420 2471 2525 2596 2670 
2421 
2422 2943 2619 
2423 3158 
2424 2755 2761 2322 2628 2998 3290 
2425 3257 3230 2471 2523 
2426 
2427 
2428 3319 2563 
2429 3215 2563 
2430 
2431 2751 2751 
2432 
2433 3357 3215 2471 
2434 3410 2351 
2435 
2436 
2437 2761 2998 
2438 
2439 
2440 
2441 5752 
2442 9479 
2443 2596 2670 3242 3357 3257 3230 2342 2525 2471 
2444 
2445 2767 3010 
2446 2442 
2447 3366 3215 2563 2471 
2448 2652 2941 
2449 2331 
2450 
2451 3455 
2452 
2453 3158 2590 
2454 2808 
2455 
2456 3217 2691 2351 
2457 3034 2269 3215 2563 2471 
2458 
2459 2817 2761 
2460 
2461 3027 2331 
2462 3185 
2463 3349 2553 3309 
2464 
2465 3363 
2466 2689 
2467 
2468 2395 
2469 9479 
2470 
2471 2761 
2472 3158 2331 
2473 1746 1442 
2474 
2475 
2476 2407 
2477 
2478 2326 
2479 
2480 2834 3010 
2481 
2482 2400 2830 2609 
2483 3395 3123 
2484 2898 2853 
2485 2323 
2486 3215 3319 
2487 2398 
2488 2732 3521 3230 
2489 3215 2471 
2490 3332 
2491 
2492 
2493 3523 
2494 
2495 2464 2495 
2496 
2497 3010 2458 
2498 
2499 2902 
2500 3470 2628 
2501 
2502 
2503 2596 
2504 3010 
2505 
2506 2732 3521 2656 
2507 2527 5552 
2508 
2509 3010 
2510 2902 2499 
2511 
2512 
2513 
2514 3349 2844 
2515 
2516 
2517 
2518 
2519 1908 2042 
2520 
2521 
2522 2670 3257 3001 2471 
2523 3470 2732 2628 
2524 
2525 3257 2689 2471 
2526 
2527 5099 
2528 
2529 2746 
2530 2936 2652 3158 2479 3026 2401 2607 2738 2301 
2531 
2532 2479 2751 
2533 3119 
2534 2301 
2535 2761 2400 2936 3010 2998 
2536 
2537 
2538 
2539 2331 
2540 2504 
2541 2946 
2542 9479 9658 
2543 3259 
2544 
2545 
2546 2400 
2547 3023 
2548 2641 
2549 9264 5201 2442 
2550 2837 2401 2464 3374 3396 
2551 
2552 
2553 3349 
2554 8366 
2555 3349 
2556 
2557 3010 2755 3034 3115 2609 
2558 
2559 2471 
2560 
2561 
2562 3332 
2563 2761 2963 3215 2471 
2564 
2565 3455 9658 9387 
2566 
2567 
2568 3158 3026 2751 2751 
2569 2269 2958 
2570 2761 3215 2471 2998 
2571 
2572 
2573 2656 3230 2569 
2574 2351 
2575 
2576 
2577 2596 
2578 
2579 
2580 2588 3230 
2581 2606 3526 
2582 3010 2755 3034 3115 2609 
2583 
2584 
2585 2761 3357 2471 
2586 3141 
2587 2436 4606 3185 
2588 3101 
2589 3455 
2590 3158 
2591 2761 2817 2269 3133 2471 
2592 
2593 
2594 
2595 2558 
2596 2755 2471 2998 2628 
2597 
2598 2301 5101 
2599 2479 2264 
2600 2545 
2601 9479 
2602 
2603 
2604 2269 3207 
2605 2298 
2606 
2607 3246 3158 3010 
2608 3523 
2609 2400 3115 3010 2619 
2610 3444 2395 
2611 
2612 2269 2958 
2613 2946 
2614 
2615 5269 2471 
2616 9479 
2617 2761 3215 2963 2471 
2618 
2619 3023 2351 
2620 
2621 
2622 
2623 3185 
2624 
2625 2725 2512 
2626 2398 
2627 2464 
2628 2998 2761 
2629 3388 2524 
2630 
2631 
2632 
2633 3034 2963 2471 
2634 2504 2524 3098 2380 
2635 2546 3158 3026 
2636 
2637 2471 2998 3215 2521 
2638 3312 
2639 2769 2396 
2640 2407 
2641 
2642 3226 3281 
2643 
2644 2464 
2645 
2646 3217 
2647 
2648 2464 3374 
2649 3226 3281 
2650 
2651 
2652 
2653 
2654 3349 2844 
2655 2998 2761 
2656 2986 2395 3230 2732 3521 2998 
2657 3401 2390 9353 
2658 
2659 
2660 3215 2471 
2661 2901 
2662 
2663 2379 3325 
2664 3526 
2665 2656 2521 2732 2772 
2666 2395 
2667 
2668 2545 
2669 2436 2436 2524 
2670 3215 3481 2503 2471 2628 
2671 
2672 
2673 
2674 2641 
2675 
2676 
2677 
2678 2641 
2679 2301 
2680 3349 
2681 2902 2499 
2682 
2683 2761 2963 3215 2471 
2684 
2685 2436 
2686 2725 2512 
2687 
2688 2351 9159 3140 3199 
2689 3455 
2690 
2691 2398 2362 
2692 2269 2958 
2693 3014 
2694 2398 
2695 
2696 3185 
2697 2596 3404 2471 
2698 
2699 
2700 2436 4606 3185 
2701 3319 3215 3391 2563 
2702 
2703 3085 
2704 2464 
2705 
2706 
2707 
2708 2725 2331 
2709 2479 2635 
2710 3115 3075 
2711 2689 3455 
2712 2732 3131 
2713 2465 
2714 3363 
2715 
2716 2301 
2717 2521 3230 
2718 
2719 3217 2796 2691 2351 
2720 3027 
2721 2544 
2722 3470 2628 
2723 
2724 2634 2840 2763 3381 2658 
2725 
2726 3010 
2727 2755 
2728 3470 
2729 
2730 
2731 
2732 3470 3521 3455 
2733 3301 
2734 
2735 2331 3095 
2736 3395 2672 
2737 2521 
2738 
2739 
2740 
2741 3470 3028 
2742 
2743 3131 
2744 3521 3230 2656 3470 2395 2998 2732 3455 
2745 2781 3271 2652 2206 2419 
2746 3027 2331 
2747 
2748 2331 3158 2748 2261 
2749 2936 3158 3185 2989 
2750 
2751 3185 
2752 2523 
2753 3349 
2754 
2755 
2756 
2757 1469 
2758 
2759 
2760 
2761 
2762 2375 2676 2533 
2763 2619 
2764 
2765 
2766 2772 3528 
2767 8366 
2768 2048 
2769 
2770 3230 2732 
2771 
2772 2588 2656 2521 
2773 3463 
2774 
2775 
2776 2479 2751 2751 2635 
2777 
2778 2351 
2779 
2780 
2781 2761 2998 
2782 
2783 2991 
2784 2465 
2785 2837 2401 2464 3374 3396 
2786 9479 
2787 
2788 
2789 1697 
2790 
2791 2262 
2792 3380 
2793 
2794 
2795 3215 2471 
2796 3217 2691 2351 
2797 
2798 
2799 
2800 
2801 2331 
2802 
2803 
2804 2524 
2805 3034 2269 2979 
2806 
2807 3319 2563 
2808 
2809 3225 9067 
2810 2388 2471 2998 
2811 3527 
2812 
2813 
2814 
2815 10159 
2816 
2817 2761 
2818 
2819 
2820 
2821 
2822 3089 
2823 
2824 2796 3133 3526 3056 
2825 
2826 3391 
2827 3524 2805 3034 2569 3075 
2828 2471 2998 2628 
2829 
2830 2761 2400 2936 3010 2998 
2831 
2832 
2833 3470 3521 3455 
2834 3010 2755 
2835 2641 
2836 2761 3215 2963 2471 
2837 
2838 3104 
2839 
2840 9479 
2841 2436 2436 2629 2524 
2842 2512 
2843 2400 3115 
2844 3349 
2845 
2846 
2847 
2848 2723 3213 
2849 
2850 
2851 3217 
2852 2854 
2853 
2854 3133 1908 2042 
2855 2732 
2856 
2857 2331 2858 3279 
2858 
2859 
2860 
2861 
2862 2441 2963 
2863 3455 
2864 3217 
2865 2588 2656 3230 
2866 
2867 3010 
2868 
2869 
2870 2351 
2871 
2872 3301 
2873 3115 2269 3010 2609 2755 
2874 
2875 3158 
2876 2395 3179 2998 3232 2689 
2877 
2878 
2879 3410 2351 
2880 9479 
2881 4314 3213 
2882 2596 3481 2471 
2883 2596 2670 3242 3357 3257 3230 2342 2525 2471 
2884 3851 
2885 2926 
2886 2691 
2887 
2888 3461 3010 
2889 3470 3521 3455 
2890 
2891 
2892 
2893 
2894 2761 3371 2524 
2895 2471 
2896 3524 3023 
2897 3133 2563 3391 2471 
2898 2436 3312 2332 2688 
2899 2269 
2900 3523 3089 
2901 3010 
2902 
2903 
2904 3056 2395 3526 2691 
2905 2491 2751 
2906 
2907 
2908 
2909 
2910 3283 2694 
2911 
2912 3028 
2913 2872 
2914 
2915 2761 2269 2963 3215 2563 2471 
2916 2331 
2917 
2918 
2919 2761 3215 2471 2998 
2920 
2921 
2922 2689 
2923 2870 
2924 
2925 2436 4606 3185 
2926 
2927 
2928 5612 
2929 
2930 3115 
2931 3851 
2932 3230 2656 
2933 3230 2588 2998 3405 
2934 
2935 
2936 
2937 3215 3034 2471 3133 2761 2269 2963 
2938 3268 
2939 2331 
2940 
2941 
2942 
2943 
2944 
2945 2596 
2946 3010 
2947 
2948 2943 2351 2619 
2949 
2950 2998 
2951 3230 2656 
2952 2741 
2953 3391 3215 2563 2471 
2954 
2955 2971 
2956 2641 
2957 
2958 2269 3207 
2959 3027 2746 3384 
2960 
2961 
2962 
2963 2761 2836 2471 
2964 2761 2836 2471 
2965 2973 2500 2606 
2966 
2967 2732 3521 3230 
2968 3470 2732 2628 
2969 
2970 
2971 3034 2894 3373 3391 2471 
2972 3185 
2973 
2974 
2975 2471 
2976 3027 2746 
2977 3028 
2978 
2979 
2980 
2981 3089 
2982 3455 
2983 1943 
2984 5657 
2985 
2986 
2987 2391 
2988 9479 
2989 
2990 
2991 
2992 
2993 
2994 2471 
2995 
2996 
2997 2539 3158 2331 
2998 2761 2755 
2999 
3000 3028 
3001 2471 
3002 
3003 2471 
3004 
3005 2398 2362 
3006 
3007 2442 
3008 
3009 
3010 
3011 3410 
3012 2777 
3013 2641 
3014 
3015 
3016 
3017 2761 2755 
3018 3007 2442 
3019 3010 
3020 2859 
3021 
3022 2326 
3023 
3024 3410 2351 
3025 
3026 
3027 
3028 3470 2351 
3029 
3030 
3031 2761 3374 2413 3023 2965 
3032 
3033 
3034 2269 2979 
3035 2755 
3036 2269 2958 
3037 
3038 3023 
3039 3366 2563 2471 
3040 
3041 
3042 2322 
3043 2269 
3044 2526 
3045 
3046 
3047 2647 
3048 
3049 2269 
3050 2767 3010 
3051 3137 3230 2656 2904 2569 2471 
3052 2761 3391 3215 2563 
3053 3363 
3054 
3055 2558 
3056 3028 
3057 3010 3419 2619 
3058 2634 2936 3115 3185 2923 2595 2635 
3059 
3060 2723 
3061 
3062 2761 3215 2963 2471 
3063 
3064 2527 
3065 2901 3010 
3066 
3067 2902 
3068 2465 
3069 
3070 2957 3230 2569 2471 2998 2628 
3071 3391 3215 2963 2836 2563 
3072 2670 2689 3001 3357 2443 3257 2471 
3073 2351 9159 3140 
3074 
3075 3115 3034 2269 3010 2609 2755 
3076 3027 
3077 
3078 
3079 
3080 2738 
3081 1732 
3082 3527 
3083 2761 2755 2998 2628 3290 
3084 
3085 2738 
3086 2767 
3087 
3088 
3089 3523 3089 
3090 
3091 
3092 
3093 3473 
3094 3158 2641 
3095 2331 
3096 
3097 
3098 2641 
3099 
3100 2943 2619 
3101 
3102 5537 5672 5785 3102 
3103 
3104 
3105 2471 
3106 
3107 
3108 
3109 1369 
3110 2331 3455 
3111 
3112 
3113 2436 2436 2524 
3114 
3115 2619 
3116 2398 2694 2691 
3117 10159 2558 
3118 2351 
3119 
3120 5101 
3121 2823 2782 
3122 2606 2442 3028 2351 
3123 2351 
3124 3349 
3125 5612 
3126 
3127 1940 
3128 
3129 2755 2471 
3130 3157 2689 3265 
3131 3455 
3132 
3133 3526 
3134 
3135 
3136 
3137 2817 
3138 
3139 
3140 2524 
3141 
3142 3380 
3143 3034 2963 2471 
3144 2545 
3145 2619 
3146 
3147 
3148 2464 
3149 3158 
3150 2331 
3151 2870 8366 
3152 5062 
3153 
3154 3455 
3155 1442 
3156 2477 3279 
3157 
3158 2870 8366 
3159 2436 3185 
3160 3309 
3161 3507 3216 
3162 
3163 3101 2656 3470 2732 7617 2628 
3164 5450 4972 4972 
3165 2973 3506 
3166 2477 2331 
3167 2471 
3168 2641 
3169 2527 
3170 
3171 
3172 2769 3534 
3173 
3174 
3175 2957 2323 
3176 3226 3281 
3177 
3178 
3179 2395 3217 2761 2755 2471 3179 2998 2656 
3180 2859 2730 
3181 3217 2691 2351 
3182 2971 2953 3373 3308 3391 3215 2563 
3183 2936 3158 3185 2989 
3184 
3185 3410 2351 
3186 
3187 3010 
3188 
3189 
3190 3115 2471 2998 
3191 2761 3118 2524 2351 3371 3118 
3192 2870 8366 
3193 
3194 
3195 2269 2958 2569 
3196 
3197 2477 3279 
3198 3056 3395 9658 
3199 2641 
3200 
3201 3010 
3202 3312 
3203 
3204 
3205 
3206 
3207 
3208 2470 
3209 2563 
3210 
3211 
3212 
3213 
3214 2596 2670 3230 
3215 2761 2817 2269 3133 2471 
3216 3507 
3217 
3218 3366 3215 2563 2471 
3219 2588 3230 
3220 
3221 
3222 2395 
3223 2941 
3224 3410 
3225 9067 
3226 
3227 3185 3023 2351 2619 
3228 2471 
3229 2723 3213 
3230 2628 2998 3290 
3231 3158 
3232 3217 
3233 
3234 3103 
3235 
3236 2761 2836 2471 
3237 
3238 
3239 3363 
3240 3115 3275 2497 5062 2458 9267 
3241 
3242 2471 
3243 
3244 2491 2641 
3245 
3246 3158 
3247 2089 
3248 
3249 
3250 
3251 2398 2694 2691 
3252 
3253 
3254 
3255 
3256 2926 
3257 2670 3242 3230 2628 
3258 3321 
3259 
3260 3521 3230 2656 3470 2395 2998 2732 
3261 
3262 2691 
3263 2652 
3264 2761 2817 2269 2958 3133 2471 
3265 
3266 
3267 
3268 
3269 3056 3395 
3270 2624 
3271 3056 2781 2973 2206 2402 
3272 
3273 
3274 
3275 2458 
3276 2738 
3277 
3278 
3279 2689 3455 
3280 
3281 2746 
3282 2761 
3283 
3284 2767 
3285 3133 2471 3215 2761 3391 
3286 2761 
3287 
3288 2563 
3289 
3290 2998 
3291 
3292 9479 
3293 2477 3279 
3294 5657 2872 5269 
3295 2596 2761 2894 3010 
3296 2465 
3297 3115 
3298 2990 
3299 2500 
3300 2902 2499 
3301 
3302 3325 
3303 2761 2755 3290 
3304 4020 2379 1125 4455 
3305 
3306 2379 
3307 
3308 3391 3215 2963 2836 2563 
3309 
3310 
3311 2588 2656 3230 
3312 
3313 
3314 
3315 3215 2963 
3316 3316 
3317 
3318 2755 
3319 5552 2836 2963 3215 
3320 
3321 
3322 
3323 
3324 
3325 
3326 2532 2751 2635 
3327 2442 
3328 3360 
3329 2479 2751 
3330 3113 
3331 
3332 
3333 
3334 2331 2998 
3335 3089 
3336 2860 
3337 3410 2351 
3338 2512 
3339 2990 
3340 3199 3158 3246 
3341 3085 
3342 3455 
3343 3184 
3344 
3345 
3346 3034 
3347 
3348 2624 
3349 
3350 3343 
3351 2863 2471 
3352 2761 3131 2588 3498 2958 2569 3301 3215 2471 2998 2628 2612 
3353 
3354 2926 
3355 
3356 2407 2935 2471 
3357 2761 
3358 3358 
3359 
3360 
3361 2902 
3362 
3363 
3364 
3365 2524 
3366 2563 2836 2963 3215 
3367 
3368 2918 
3369 3028 
3370 2689 3455 
3371 2761 2524 
3372 
3373 2761 3034 2894 2442 2269 2958 3133 2979 2569 3391 2897 3366 3215 3319 2563 2471 2612 
3374 2634 2936 3115 2532 3185 2923 2595 2635 
3375 2624 
3376 2512 
3377 
3378 2641 
3379 2689 
3380 2767 3056 
3381 2658 
3382 
3383 
3384 3027 
3385 
3386 
3387 2963 3034 
3388 2524 
3389 
3390 
3391 2761 3034 2269 3133 2963 3215 2563 2471 
3392 
3393 3103 2544 
3394 
3395 
3396 2464 3374 
3397 
3398 2689 
3399 3034 2269 2958 2569 
3400 3230 
3401 
3402 2351 
3403 2870 
3404 5201 5494 
3405 2755 2998 
3406 
3407 2761 2953 2919 2897 3366 3215 3297 2612 
3408 5062 
3409 3185 4181 3010 
3410 2943 2619 
3411 2494 
3412 
3413 2870 8366 
3414 3056 3133 2351 2691 2796 
3415 2471 3215 2670 2628 
3416 2290 
3417 3454 
3418 3470 2732 2628 
3419 
3420 
3421 
3422 
3423 3103 2544 
3424 3226 3281 
3425 
3426 
3427 3380 
3428 
3429 
3430 2658 
3431 2539 3525 
3432 
3433 2331 
3434 
3435 
3436 9479 
3437 9479 10159 
3438 
3439 
3440 
3441 
3442 
3443 2689 3470 2523 
3444 
3445 
3446 
3447 9686 
3448 
3449 
3450 
3451 
3452 
3453 
3454 
3455 2689 
3456 2861 
3457 2689 
3458 2761 2963 3215 2471 
3459 
3460 3230 
3461 2466 2870 3158 
3462 
3463 2694 2691 
3464 3404 5269 
3465 8366 
3466 3119 
3467 2331 
3468 
3469 
3470 
3471 3455 
3472 
3473 3490 
3474 3527 
3475 2973 2402 3521 2732 2965 
3476 3410 
3477 3158 
3478 
3479 2301 
3480 9463 2284 
3481 2596 
3482 2767 
3483 1465 
3484 
3485 
3486 2078 1346 
3487 
3488 5062 
3489 
3490 
3491 2902 
3492 3101 
3493 
3494 
3495 8830 8831 
3496 1283 
3497 2761 3277 
3498 2471 
3499 
3500 
3501 
3502 3259 
3503 2545 
3504 3339 
3505 2769 2639 
3506 
3507 
3508 
3509 
3510 
3511 2624 
3512 3101 
3513 3028 
3514 3158 
3515 
3516 2395 
3517 2634 
3518 2755 
3519 
3520 
3521 3470 3028 
3522 3259 
3523 
3524 3023 
3525 2634 3158 2590 3231 
3526 
3527 
3528 
3529 3402 3395 3454 3123 3199 
3530 
3531 3470 3521 3455 
3532 
3533 
3534 3339 2769 
3535 2471 
3536 
3537 
3538 
3539 
3540 4436 
3541 4606 4606 4214 4720 
3542 
3543 4013 4257 
3544 4247 
3545 4245 
3546 
3547 4247 4208 4074 
3548 
3549 4354 
3550 
3551 4314 
3552 3988 
3553 4505 
3554 
3555 4606 4606 4214 4720 
3556 
3557 4213 
3558 3867 4406 
3559 
3560 
3561 
3562 
3563 
3564 
3565 
3566 3867 
3567 
3568 4264 
3569 3884 
3570 
3571 4589 
3572 7835 
3573 
3574 3730 
3575 
3576 4530 
3577 
3578 
3579 
3580 
3581 3952 
3582 
3583 
3584 
3585 
3586 
3587 4300 4237 
3588 4456 
3589 
3590 
3591 
3592 4342 
3593 
3594 4453 
3595 
3596 
3597 
3598 
3599 
3600 4633 
3601 
3602 
3603 
3604 
3605 
3606 
3607 4352 3607 
3608 4032 
3609 4707 
3610 
3611 
3612 3806 
3613 
3614 4349 4519 
3615 
3616 
3617 
3618 
3619 
3620 4321 
3621 4257 
3622 4106 
3623 
3624 4323 
3625 3696 
3626 4208 
3627 
3628 3726 4638 4074 3547 
3629 3747 
3630 4313 
3631 4480 
3632 
3633 4213 
3634 4066 
3635 
3636 
3637 
3638 
3639 4354 4348 
3640 
3641 
3642 
3643 4257 
3644 4553 
3645 4606 
3646 
3647 
3648 
3649 3658 
3650 
3651 3473 
3652 
3653 4186 
3654 
3655 4406 3595 
3656 4488 3831 
3657 4453 
3658 
3659 
3660 4605 
3661 
3662 
3663 
3664 3884 3569 
3665 4207 
3666 4453 
3667 
3668 
3669 
3670 
3671 4480 
3672 4453 
3673 
3674 4247 3802 
3675 
3676 
3677 4453 
3678 3736 
3679 
3680 
3681 
3682 4237 4258 
3683 4480 
3684 3794 
3685 
3686 
3687 3798 
3688 4006 3794 
3689 4257 
3690 
3691 3794 
3692 
3693 3851 
3694 
3695 3900 
3696 
3697 
3698 
3699 4007 
3700 
3701 
3702 
3703 
3704 4461 4039 4270 4225 
3705 
3706 4066 
3707 
3708 
3709 
3710 3690 4196 
3711 4453 
3712 
3713 
3714 
3715 3715 4453 
3716 4106 
3717 4651 
3718 3718 
3719 
3720 4571 3679 
3721 
3722 
3723 3723 4335 
3724 
3725 3952 
3726 
3727 
3728 
3729 4453 
3730 
3731 4179 
3732 
3733 
3734 
3735 
3736 
3737 
3738 3952 
3739 
3740 
3741 4316 
3742 3798 3690 4035 
3743 
3744 
3745 
3746 4453 
3747 
3748 
3749 4247 
3750 
3751 
3752 4316 
3753 
3754 4153 
3755 
3756 4036 
3757 
3758 4548 
3759 
3760 
3761 
3762 
3763 
3764 4458 4461 4484 
3765 3798 4300 4237 
3766 
3767 3966 
3768 
3769 
3770 3770 4153 
3771 
3772 
3773 
3774 
3775 
3776 4458 
3777 
3778 
3779 
3780 3814 
3781 4247 
3782 
3783 4480 
3784 4638 
3785 4453 3581 
3786 4571 4445 4464 4629 4270 
3787 
3788 4453 4272 
3789 
3790 
3791 3962 4055 
3792 
3793 
3794 4653 
3795 3724 
3796 4257 
3797 
3798 
3799 
3800 
3801 7559 4007 4261 
3802 3884 
3803 4606 4606 4214 4720 
3804 4571 3799 4076 
3805 
3806 4020 
3807 
3808 
3809 4096 
3810 
3811 
3812 4213 
3813 
3814 3851 3794 4363 
3815 
3816 3774 3696 
3817 4553 
3818 4349 
3819 
3820 3851 
3821 4253 
3822 
3823 
3824 
3825 4205 
3826 
3827 
3828 
3829 
3830 4304 
3831 4035 
3832 4365 
3833 
3834 4363 
3835 3607 
3836 4258 4553 
3837 3666 
3838 
3839 
3840 
3841 
3842 
3843 
3844 
3845 
3846 
3847 
3848 4453 
3849 
3850 
3851 
3852 4453 
3853 
3854 
3855 
3856 
3857 4208 
3858 3683 
3859 4638 
3860 4129 
3861 
3862 3730 
3863 
3864 
3865 
3866 
3867 4480 
3868 
3869 
3870 4453 
3871 4043 
3872 
3873 4571 
3874 
3875 
3876 
3877 
3878 4638 3952 
3879 
3880 4020 4179 
3881 
3882 4453 
3883 
3884 
3885 
3886 
3887 
3888 4458 4461 
3889 4458 4461 4484 
3890 
3891 
3892 4461 4123 
3893 
3894 4020 
3895 
3896 
3897 4616 
3898 4453 
3899 
3900 
3901 
3902 
3903 
3904 
3905 
3906 4406 
3907 4257 
3908 4458 4484 
3909 
3910 
3911 
3912 3825 
3913 4461 
3914 3867 3934 3851 4137 
3915 6186 
3916 
3917 3587 
3918 
3919 4638 
3920 4480 
3921 
3922 3563 
3923 
3924 4453 
3925 3652 
3926 4013 
3927 
3928 3900 
3929 
3930 
3931 4213 
3932 
3933 
3934 3851 3794 
3935 4300 
3936 4453 
3937 
3938 
3939 
3940 
3941 
3942 
3943 4066 4257 
3944 4096 3581 
3945 
3946 4553 
3947 4020 4179 
3948 
3949 
3950 
3951 
3952 
3953 
3954 
3955 3696 
3956 
3957 
3958 4384 
3959 
3960 
3961 4629 
3962 
3963 
3964 
3965 
3966 4257 
3967 
3968 
3969 3581 
3970 8651 
3971 
3972 4196 
3973 
3974 4467 4106 
3975 
3976 
3977 4213 
3978 
3979 
3980 
3981 4013 4257 
3982 
3983 
3984 4461 4074 4039 
3985 
3986 
3987 3982 3726 
3988 
3989 4020 4179 3806 
3990 
3991 4012 3690 4258 
3992 
3993 4644 4511 
3994 4000 
3995 
3996 
3997 
3998 4571 4354 
3999 
4000 
4001 1316 
4002 3851 3794 
4003 3952 
4004 
4005 
4006 4480 
4007 4406 
4008 4534 
4009 
4010 4453 
4011 
4012 
4013 4257 
4014 4129 
4015 4445 
4016 
4017 4237 
4018 
4019 
4020 
4021 4035 4553 
4022 4406 
4023 4007 
4024 4424 
4025 5037 4057 
4026 
4027 4056 4027 
4028 
4029 
4030 4207 
4031 4235 
4032 4257 
4033 
4034 
4035 
4036 
4037 4453 4232 
4038 
4039 4208 4039 
4040 4000 
4041 
4042 
4043 
4044 4453 
4045 4453 4272 
4046 
4047 
4048 3726 3704 
4049 4453 
4050 
4051 
4052 
4053 
4054 
4055 3962 
4056 4590 4056 
4057 5037 4057 
4058 4313 
4059 
4060 
4061 
4062 
4063 
4064 
4065 4589 
4066 
4067 3794 
4068 4571 4354 4247 4585 
4069 4606 4606 4214 
4070 
4071 
4072 
4073 4494 
4074 
4075 
4076 
4077 
4078 
4079 4079 
4080 4406 
4081 4371 4176 
4082 
4083 4083 4649 
4084 
4085 
4086 
4087 
4088 4494 
4089 4644 
4090 
4091 
4092 3696 
4093 
4094 
4095 4056 4027 
4096 3747 
4097 
4098 
4099 4129 
4100 
4101 
4102 3718 
4103 
4104 
4105 3799 4225 
4106 
4107 
4108 
4109 
4110 
4111 4106 
4112 3730 
4113 
4114 
4115 3925 3652 
4116 3734 
4117 
4118 3825 
4119 4257 
4120 
4121 4153 
4122 
4123 
4124 4213 
4125 
4126 
4127 3747 
4128 4606 4606 3555 4381 
4129 4195 4341 
4130 1746 
4131 
4132 
4133 
4134 
4135 
4136 
4137 
4138 
4139 
4140 
4141 4642 
4142 
4143 
4144 4453 
4145 4213 
4146 4453 
4147 
4148 4589 
4149 
4150 
4151 
4152 4453 
4153 
4154 
4155 
4156 4257 
4157 
4158 4158 
4159 3679 
4160 
4161 4213 
4162 4719 
4163 3722 
4164 3978 
4165 3730 
4166 
4167 
4168 3690 
4169 4354 4348 
4170 
4171 4247 4585 
4172 
4173 3900 
4174 
4175 
4176 3900 
4177 4208 
4178 4245 
4179 4020 
4180 4207 
4181 
4182 
4183 3690 
4184 
4185 
4186 
4187 4606 4606 3555 4381 
4188 
4189 
4190 
4191 
4192 
4193 4013 4257 
4194 
4195 4186 
4196 3690 
4197 4314 
4198 
4199 
4200 
4201 4176 
4202 
4203 
4204 
4205 
4206 4453 
4207 
4208 3799 4225 
4209 
4210 
4211 
4212 
4213 
4214 4606 
4215 
4216 
4217 
4218 4453 
4219 4453 3969 
4220 
4221 
4222 
4223 
4224 4453 
4225 
4226 
4227 4606 
4228 
4229 
4230 4406 3851 
4231 
4232 4453 
4233 
4234 
4235 
4236 
4237 4300 
4238 
4239 
4240 4425 
4241 
4242 4270 
4243 
4244 
4245 
4246 3718 
4247 
4248 4257 
4249 4488 3831 
4250 4584 
4251 
4252 
4253 
4254 
4255 
4256 
4257 
4258 
4259 4668 
4260 
4261 4007 3699 
4262 
4263 4397 
4264 
4265 
4266 
4267 4237 
4268 
4269 
4270 
4271 4461 
4272 4453 
4273 3726 4450 
4274 
4275 
4276 
4277 3798 4568 
4278 
4279 
4280 3633 
4281 
4282 3690 
4283 
4284 
4285 4461 
4286 
4287 
4288 
4289 
4290 
4291 
4292 3726 
4293 3723 4335 
4294 
4295 
4296 4074 
4297 
4298 4076 
4299 
4300 
4301 
4302 4176 
4303 
4304 
4305 
4306 
4307 
4308 
4309 4606 4606 4214 
4310 3641 
4311 
4312 
4313 
4314 2723 
4315 
4316 
4317 
4318 
4319 3771 
4320 
4321 
4322 4363 
4323 
4324 
4325 4247 
4326 
4327 
4328 
4329 
4330 
4331 3921 
4332 3681 
4333 
4334 4461 
4335 4335 
4336 4294 
4337 4541 
4338 3814 4363 
4339 
4340 4257 
4341 
4342 3867 
4343 4232 
4344 3977 
4345 4213 
4346 
4347 
4348 
4349 4349 
4350 3977 
4351 3690 
4352 
4353 
4354 
4355 4458 4461 
4356 
4357 4606 4606 3555 4381 
4358 
4359 
4360 
4361 4453 
4362 4195 4341 
4363 4592 
4364 4012 3690 4258 
4365 
4366 4281 3713 4258 
4367 
4368 
4369 4606 4606 4214 4720 
4370 
4371 
4372 
4373 4453 4588 
4374 
4375 4096 3581 
4376 
4377 
4378 4020 
4379 
4380 
4381 4606 4214 3555 4606 
4382 4043 
4383 
4384 
4385 3825 4055 
4386 4247 
4387 
4388 
4389 
4390 4453 
4391 3750 4213 
4392 4074 
4393 4349 
4394 
4395 3814 
4396 4129 
4397 
4398 3952 
4399 
4400 
4401 4257 
4402 3555 4187 
4403 4453 
4404 
4405 
4406 4253 
4407 
4408 
4409 4453 
4410 4043 
4411 4096 3581 
4412 5037 4057 
4413 
4414 4606 
4415 
4416 
4417 3718 
4418 
4419 
4420 
4421 
4422 4453 
4423 3690 
4424 4424 
4425 
4426 
4427 
4428 
4429 
4430 4430 
4431 
4432 
4433 
4434 
4435 7835 
4436 4480 
4437 3809 3952 
4438 
4439 
4440 
4441 
4442 4213 3730 
4443 4606 4606 3555 4381 4187 
4444 3747 
4445 
4446 
4447 
4448 4644 
4449 
4450 
4451 4566 
4452 3984 
4453 
4454 4035 
4455 4020 
4456 
4457 
4458 4461 
4459 
4460 
4461 
4462 
4463 3825 
4464 4208 
4465 4589 
4466 4638 
4467 
4468 4066 
4469 
4470 
4471 4166 
4472 4461 4453 4232 3952 
4473 3724 
4474 
4475 
4476 4453 
4477 
4478 4453 
4479 4453 
4480 
4481 
4482 4606 3645 
4483 
4484 
4485 
4486 4257 
4487 
4488 
4489 
4490 
4491 4026 
4492 
4493 
4494 
4495 4571 3726 
4496 4153 
4497 3799 4225 
4498 
4499 
4500 4453 4100 
4501 3555 4606 4214 4606 
4502 4247 
4503 3690 
4504 3825 
4505 
4506 4111 
4507 
4508 4257 
4509 4253 4494 
4510 
4511 4213 
4512 
4513 
4514 3690 4035 
4515 
4516 
4517 
4518 4257 
4519 3736 
4520 
4521 
4522 3726 
4523 
4524 3830 
4525 
4526 3884 
4527 
4528 
4529 4653 4363 
4530 
4531 
4532 
4533 
4534 
4535 3798 
4536 
4537 3794 
4538 4453 3952 
4539 3683 
4540 
4541 
4542 
4543 
4544 4300 4140 
4545 
4546 
4547 3748 
4548 
4549 4453 4257 
4550 
4551 
4552 
4553 3690 
4554 4300 4237 
4555 4247 
4556 
4557 
4558 
4559 4365 
4560 4313 
4561 4458 4270 
4562 
4563 4651 
4564 
4565 
4566 
4567 
4568 
4569 
4570 
4571 4458 4461 
4572 4039 4349 4106 
4573 
4574 
4575 4494 
4576 4257 
4577 4066 
4578 3822 
4579 4453 
4580 
4581 4213 3730 
4582 
4583 4247 4585 
4584 
4585 4247 
4586 
4587 4458 4461 4484 
4588 
4589 
4590 
4591 
4592 
4593 
4594 4541 4541 
4595 
4596 
4597 4453 
4598 
4599 
4600 
4601 4182 4007 
4602 4066 4257 
4603 
4604 
4605 
4606 4606 3645 
4607 
4608 
4609 
4610 
4611 4257 
4612 
4613 
4614 
4615 
4616 
4617 
4618 
4619 4020 4179 3806 
4620 4166 
4621 
4622 4453 
4623 
4624 
4625 
4626 4453 
4627 
4628 
4629 3679 
4630 
4631 
4632 
4633 4066 4406 
4634 
4635 3690 
4636 4605 
4637 
4638 
4639 4043 
4640 
4641 4257 
4642 3942 
4643 3952 
4644 
4645 4313 
4646 
4647 
4648 
4649 4649 
4650 
4651 
4652 
4653 
4654 
4655 
4656 4453 
4657 
4658 4589 
4659 
4660 
4661 
4662 
4663 3794 
4664 
4665 
4666 
4667 
4668 3900 
4669 4363 
4670 3984 
4671 
4672 
4673 4247 
4674 4406 
4675 4109 
4676 4066 
4677 4066 4257 
4678 
4679 1719 
4680 
4681 
4682 3952 
4683 
4684 
4685 
4686 
4687 
4688 
4689 
4690 
4691 
4692 4020 
4693 
4694 4020 
4695 
4696 
4697 
4698 
4699 4314 
4700 4300 
4701 
4702 
4703 
4704 
4705 
4706 
4707 
4708 
4709 4131 
4710 
4711 
4712 
4713 
4714 
4715 
4716 
4717 4257 
4718 
4719 3978 
4720 4606 4606 4214 
4721 4453 
4722 
4723 
4724 
4725 5706 
4726 5090 4920 
4727 5032 
4728 5565 5111 
4729 
4730 5150 
4731 
4732 
4733 5480 
4734 
4735 4843 
4736 
4737 5095 
4738 
4739 
4740 4987 4740 
4741 
4742 
4743 
4744 5751 
4745 5722 
4746 
4747 4761 5295 
4748 4956 4778 4778 
4749 
4750 
4751 
4752 
4753 4866 
4754 
4755 
4756 
4757 5382 
4758 4869 4758 5320 
4759 
4760 
4761 
4762 
4763 4786 5708 5279 
4764 5155 5589 
4765 5316 5449 
4766 5597 
4767 4980 
4768 
4769 
4770 
4771 
4772 5060 
4773 5615 5500 
4774 5759 
4775 4847 
4776 
4777 4952 
4778 
4779 
4780 4989 
4781 
4782 5179 
4783 
4784 
4785 5304 4901 
4786 
4787 
4788 
4789 
4790 
4791 4765 5316 
4792 4792 
4793 
4794 
4795 
4796 4984 
4797 
4798 5304 
4799 5154 
4800 
4801 5609 
4802 5312 
4803 
4804 5728 
4805 
4806 
4807 5743 
4808 
4809 
4810 4810 
4811 
4812 5008 
4813 
4814 
4815 5708 
4816 5279 
4817 5291 
4818 
4819 
4820 
4821 5409 
4822 4980 
4823 
4824 5226 
4825 4776 
4826 
4827 5110 
4828 5005 
4829 5099 
4830 5253 4847 
4831 5554 
4832 
4833 
4834 4818 
4835 
4836 5435 
4837 4883 
4838 
4839 5728 5687 
4840 
4841 5615 
4842 
4843 5290 
4844 4839 
4845 
4846 5250 
4847 
4848 5591 5331 
4849 5444 
4850 
4851 5168 
4852 
4853 5317 
4854 4869 
4855 4819 
4856 5470 
4857 5279 
4858 
4859 
4860 
4861 4867 5377 
4862 4980 
4863 
4864 
4865 5758 
4866 
4867 4867 
4868 
4869 
4870 5045 
4871 5260 
4872 5706 5589 
4873 5589 
4874 5220 
4875 
4876 
4877 5206 
4878 
4879 4915 
4880 
4881 5679 4739 
4882 
4883 
4884 
4885 
4886 
4887 
4888 
4889 5040 
4890 4901 
4891 5752 5657 5201 
4892 4741 9284 
4893 5502 5556 5728 5498 
4894 5155 
4895 
4896 5506 
4897 
4898 5382 
4899 
4900 
4901 
4902 
4903 
4904 
4905 
4906 
4907 
4908 
4909 
4910 
4911 
4912 4912 
4913 
4914 4745 
4915 5155 
4916 5759 4774 
4917 4869 4758 
4918 4866 
4919 5409 
4920 4869 5320 
4921 
4922 
4923 
4924 5376 5498 
4925 5135 
4926 
4927 4927 
4928 
4929 5525 
4930 5167 4758 
4931 
4932 
4933 
4934 
4935 
4936 
4937 5090 4920 
4938 4989 
4939 5467 4904 
4940 
4941 
4942 5024 
4943 5579 
4944 5374 
4945 5201 
4946 
4947 
4948 
4949 
4950 4820 
4951 
4952 
4953 5382 5615 
4954 5098 
4955 8910 
4956 
4957 2477 
4958 
4959 5095 
4960 5282 
4961 
4962 
4963 
4964 5304 
4965 5728 
4966 5565 5111 
4967 
4968 
4969 5073 5758 
4970 5449 
4971 5709 
4972 
4973 4973 4901 
4974 4796 
4975 
4976 
4977 
4978 
4979 
4980 5155 
4981 5444 
4982 5494 
4983 4944 
4984 
4985 5506 
4986 5155 
4987 5005 
4988 4743 
4989 
4990 
4991 
4992 4796 
4993 5279 5197 
4994 
4995 4897 
4996 4818 
4997 5706 
4998 5525 
4999 
5000 
5001 4765 5316 
5002 
5003 5230 
5004 
5005 
5006 4762 
5007 
5008 
5009 
5010 
5011 4761 
5012 5279 5197 
5013 
5014 5759 
5015 
5016 5032 
5017 4890 5304 5769 4973 4973 5530 4901 
5018 10159 
5019 5589 
5020 
5021 
5022 
5023 5521 
5024 
5025 
5026 5331 
5027 
5028 4980 
5029 5279 5708 
5030 
5031 
5032 5331 5384 
5033 5149 
5034 5382 5615 
5035 
5036 5597 5465 
5037 5149 
5038 5653 
5039 5589 
5040 
5041 4869 5320 
5042 5382 
5043 
5044 
5045 5045 
5046 4903 
5047 4894 
5048 
5049 
5050 5686 
5051 5377 5697 5130 5051 
5052 
5053 5240 
5054 4989 
5055 
5056 4920 5320 
5057 
5058 9792 5449 
5059 5476 5485 5109 5254 
5060 
5061 5376 5498 
5062 
5063 
5064 
5065 5377 5697 
5066 5066 
5067 5263 
5068 
5069 
5070 
5071 4878 
5072 
5073 5758 
5074 5279 
5075 
5076 5018 10159 
5077 
5078 5788 
5079 
5080 4732 5013 
5081 5035 
5082 
5083 
5084 4915 
5085 
5086 5242 
5087 
5088 
5089 
5090 5167 4758 
5091 4903 
5092 
5093 5729 
5094 4895 
5095 5591 
5096 4761 5295 
5097 
5098 
5099 
5100 5738 
5101 
5102 
5103 4779 
5104 5615 5382 5549 
5105 5105 
5106 
5107 
5108 
5109 5485 
5110 4827 
5111 5006 5108 
5112 4948 4901 
5113 
5114 
5115 5284 
5116 4904 
5117 5382 
5118 5738 5118 
5119 
5120 5722 
5121 4989 
5122 
5123 
5124 
5125 5525 
5126 
5127 4871 5260 5260 
5128 
5129 5738 5129 
5130 5377 5697 
5131 5617 5653 
5132 
5133 
5134 5008 5391 
5135 
5136 4901 
5137 5502 4732 5130 
5138 
5139 5092 
5140 5309 
5141 
5142 
5143 5320 
5144 
5145 
5146 5001 
5147 4894 
5148 
5149 
5150 
5151 5317 
5152 5114 
5153 10018 9305 9609 
5154 
5155 4980 
5156 
5157 4940 5037 
5158 
5159 
5160 4732 
5161 4908 
5162 4976 
5163 
5164 5167 4758 
5165 4980 5722 
5166 
5167 
5168 
5169 
5170 5512 
5171 
5172 
5173 5099 5494 
5174 
5175 4901 
5176 4890 
5177 5506 
5178 5589 4872 5512 
5179 4962 
5180 
5181 5304 
5182 
5183 5279 
5184 5184 
5185 4765 5001 
5186 5304 
5187 5615 
5188 
5189 5279 5576 5266 
5190 5529 
5191 
5192 4762 
5193 5586 5335 5658 
5194 5090 4920 
5195 
5196 4904 
5197 5279 
5198 
5199 
5200 5591 5331 
5201 
5202 5606 
5203 4838 
5204 
5205 
5206 
5207 5543 
5208 
5209 5245 
5210 5210 
5211 
5212 4965 
5213 5155 
5214 4762 
5215 
5216 5108 5565 
5217 5562 
5218 5706 4901 
5219 4736 
5220 
5221 4890 
5222 
5223 
5224 
5225 5140 
5226 
5227 
5228 5228 
5229 
5230 5155 
5231 
5232 5040 
5233 5494 
5234 
5235 
5236 5530 4901 
5237 
5238 
5239 5145 
5240 5240 
5241 4932 
5242 5242 
5243 
5244 5102 
5245 
5246 
5247 5095 
5248 4956 4778 4778 
5249 
5250 
5251 5476 
5252 5382 
5253 5132 
5254 5485 5476 
5255 
5256 
5257 5049 
5258 
5259 5615 5382 5549 
5260 
5261 
5262 
5263 5077 
5264 5279 4890 4901 5176 
5265 5090 4920 
5266 5279 5304 
5267 
5268 5005 
5269 5201 
5270 5270 
5271 5271 
5272 4843 
5273 4827 
5274 
5275 
5276 5099 
5277 4761 5295 
5278 
5279 4890 5304 5769 4973 4973 5530 4901 
5280 5167 4937 
5281 
5282 
5283 5615 5382 
5284 5746 
5285 5374 
5286 
5287 
5288 
5289 4901 4973 5289 
5290 
5291 
5292 10018 9305 9609 
5293 
5294 4908 
5295 4761 5011 
5296 
5297 
5298 
5299 5256 
5300 5085 
5301 5782 
5302 5728 
5303 4884 5547 
5304 4901 
5305 5548 
5306 5728 5772 5061 
5307 
5308 5730 5669 
5309 9463 
5310 
5311 4962 
5312 
5313 5284 
5314 
5315 5061 
5316 5580 5193 
5317 
5318 4869 
5319 5155 
5320 4869 
5321 5449 
5322 
5323 
5324 5279 4901 
5325 4949 
5326 4869 
5327 5769 4901 
5328 
5329 
5330 5193 5316 
5331 5384 5032 
5332 4975 
5333 
5334 5090 4920 
5335 
5336 
5337 5382 5615 
5338 5172 
5339 
5340 
5341 
5342 4765 5001 
5343 5709 
5344 
5345 5148 5559 
5346 9165 
5347 5347 
5348 4973 
5349 
5350 
5351 
5352 5024 
5353 
5354 9479 
5355 9479 
5356 
5357 
5358 5253 4847 
5359 5219 5055 
5360 4878 
5361 2477 
5362 4938 
5363 
5364 5140 
5365 
5366 5366 
5367 5512 4764 
5368 4980 
5369 5312 
5370 2078 5552 3319 
5371 
5372 5129 
5373 
5374 
5375 
5376 
5377 5597 5697 4867 
5378 4909 
5379 
5380 
5381 5706 4901 
5382 
5383 5329 
5384 
5385 
5386 5615 
5387 
5388 
5389 5005 
5390 
5391 
5392 
5393 5062 
5394 
5395 
5396 4766 5547 
5397 5090 
5398 
5399 
5400 5088 
5401 
5402 
5403 
5404 2477 5361 
5405 5405 5405 
5406 4757 5098 
5407 5376 5061 
5408 4941 
5409 
5410 
5411 
5412 
5413 
5414 5155 
5415 
5416 
5417 
5418 
5419 
5420 4980 5639 5253 
5421 
5422 4745 
5423 5073 5758 
5424 4879 5758 
5425 4774 4916 
5426 
5427 5617 
5428 4980 
5429 
5430 5679 5679 4739 
5431 
5432 5377 5697 
5433 
5434 5630 
5435 
5436 5351 5105 
5437 5377 5051 5437 
5438 
5439 4897 
5440 4961 
5441 5506 
5442 
5443 5449 
5444 
5445 
5446 5226 5446 
5447 4944 
5448 
5449 5449 
5450 
5451 
5452 
5453 4797 7380 
5454 
5455 
5456 5201 5269 
5457 5090 4920 
5458 
5459 5616 
5460 
5461 5048 4901 5706 
5462 5284 
5463 
5464 4779 
5465 
5466 
5467 4755 
5468 5391 4996 
5469 
5470 
5471 
5472 
5473 5320 4920 
5474 
5475 
5476 5485 
5477 5377 5697 5051 
5478 4826 
5479 4980 
5480 5480 
5481 4890 
5482 5618 
5483 
5484 4894 
5485 5485 
5486 5589 
5487 4869 5320 
5488 4865 
5489 
5490 
5491 5728 
5492 4971 
5493 5004 
5494 
5495 
5496 10018 9305 9609 
5497 
5498 
5499 
5500 5615 
5501 5505 
5502 
5503 4897 
5504 
5505 5445 
5506 
5507 
5508 
5509 5295 5011 
5510 
5511 5597 
5512 4980 5589 
5513 
5514 5145 
5515 
5516 
5517 
5518 5759 
5519 4736 
5520 
5521 
5522 4884 
5523 
5524 
5525 
5526 5279 
5527 
5528 
5529 
5530 
5531 5554 
5532 5559 
5533 
5534 
5535 5554 
5536 
5537 5672 5722 
5538 5538 
5539 5539 
5540 
5541 5184 
5542 5155 
5543 
5544 5184 
5545 5138 
5546 
5547 5591 
5548 
5549 
5550 5758 
5551 
5552 
5553 4850 
5554 5783 
5555 4932 
5556 5728 
5557 4989 
5558 5376 5498 
5559 5006 5111 4978 
5560 
5561 5085 
5562 
5563 
5564 
5565 
5566 
5567 5253 4847 
5568 10018 9305 9609 
5569 
5570 5136 4901 
5571 
5572 5398 
5573 4838 
5574 
5575 5150 
5576 
5577 5245 
5578 
5579 
5580 
5581 
5582 10018 9305 9609 
5583 4911 5672 4980 5684 
5584 4761 
5585 5779 
5586 5335 5193 5412 
5587 4761 
5588 5051 
5589 5751 
5590 
5591 5095 
5592 4952 
5593 
5594 4757 
5595 
5596 
5597 
5598 5722 
5599 5435 
5600 5115 
5601 5193 
5602 5037 
5603 
5604 
5605 5686 
5606 
5607 
5608 4872 5512 
5609 
5610 5361 
5611 5167 4937 
5612 5099 
5613 5382 
5614 5738 
5615 5382 
5616 
5617 5653 
5618 5260 5618 
5619 
5620 
5621 5684 
5622 5719 
5623 
5624 5684 
5625 
5626 
5627 
5628 5256 
5629 
5630 5630 
5631 4871 5260 5260 5744 
5632 
5633 9608 
5634 5188 
5635 4980 
5636 5494 
5637 
5638 5638 5052 5638 
5639 4980 5155 
5640 4980 
5641 5633 
5642 5697 4867 
5643 4890 
5644 
5645 
5646 4890 5279 4948 
5647 
5648 5263 
5649 4989 
5650 5061 
5651 5279 4973 
5652 5560 
5653 
5654 4895 
5655 
5656 5155 4980 
5657 
5658 
5659 
5660 4980 
5661 
5662 4838 
5663 
5664 5377 5697 
5665 5630 
5666 
5667 5723 
5668 5615 
5669 5730 
5670 
5671 
5672 
5673 
5674 5565 
5675 
5676 4971 5759 
5677 4912 
5678 
5679 4739 
5680 
5681 
5682 4843 
5683 5144 
5684 5537 4980 4911 
5685 5374 
5686 
5687 
5688 4796 
5689 5547 
5690 5111 
5691 
5692 
5693 
5694 5529 
5695 4884 5522 5303 
5696 4890 4901 
5697 5377 5697 
5698 5525 
5699 
5700 
5701 
5702 5256 
5703 5189 
5704 
5705 4958 
5706 4901 
5707 5155 4980 5230 5537 
5708 9269 
5709 
5710 5565 
5711 
5712 5556 
5713 5284 
5714 
5715 
5716 4947 
5717 5709 
5718 5108 5565 
5719 
5720 5479 
5721 
5722 
5723 
5724 5744 9869 
5725 
5726 4941 
5727 5759 
5728 5193 5448 5728 5376 
5729 4843 
5730 5730 5669 
5731 5290 
5732 
5733 5377 
5734 
5735 
5736 
5737 5230 
5738 
5739 5377 5051 5437 
5740 5539 
5741 
5742 
5743 
5744 9165 
5745 5309 
5746 
5747 
5748 5322 5623 
5749 
5750 5439 
5751 
5752 
5753 
5754 
5755 
5756 4980 5722 
5757 
5758 
5759 
5760 5317 
5761 
5762 
5763 
5764 
5765 
5766 5766 
5767 5767 
5768 
5769 5706 
5770 
5771 5331 
5772 
5773 4980 5155 
5774 5061 
5775 
5776 
5777 5278 
5778 
5779 
5780 
5781 
5782 2946 4991 
5783 
5784 
5785 3102 
5786 5538 
5787 5126 
5788 
5789 5210 
5790 
5791 
5792 
5793 
5794 
5795 
5796 
5797 
5798 
5799 
5800 
5801 
5802 
5803 
5804 
5805 
5806 
5807 
5808 
5809 
5810 
5811 
5812 
5813 
5814 
5815 
5816 
5817 
5818 
5819 
5820 
5821 
5822 
5823 
5824 
5825 
5826 
5827 
5828 
5829 
5830 
5831 
5832 
5833 
5834 
5835 
5836 
5837 
5838 
5839 
5840 
5841 6661 
5842 
5843 
5844 
5845 
5846 
5847 
5848 
5849 
5850 
5851 
5852 
5853 
5854 
5855 
5856 
5857 6961 
5858 
5859 
5860 
5861 
5862 5862 
5863 
5864 
5865 
5866 
5867 
5868 
5869 
5870 
5871 
5872 
5873 
5874 
5875 
5876 
5877 
5878 
5879 
5880 
5881 
5882 
5883 
5884 
5885 
5886 
5887 
5888 
5889 
5890 
5891 
5892 
5893 
5894 
5895 
5896 
5897 
5898 
5899 
5900 
5901 
5902 
5903 
5904 
5905 
5906 
5907 
5908 
5909 
5910 
5911 
5912 
5913 
5914 
5915 
5916 
5917 
5918 
5919 
5920 
5921 
5922 
5923 
5924 
5925 
5926 
5927 
5928 
5929 
5930 
5931 
5932 
5933 
5934 
5935 
5936 
5937 
5938 
5939 
5940 
5941 
5942 
5943 
5944 
5945 
5946 
5947 
5948 
5949 
5950 
5951 
5952 
5953 
5954 
5955 
5956 
5957 
5958 6326 
5959 
5960 
5961 
5962 
5963 
5964 
5965 
5966 
5967 
5968 
5969 
5970 
5971 
5972 
5973 
5974 
5975 
5976 
5977 
5978 
5979 
5980 
5981 
5982 
5983 
5984 
5985 
5986 
5987 
5988 
5989 
5990 
5991 
5992 
5993 
5994 
5995 
5996 
5997 
5998 
5999 
6000 
6001 
6002 6286 
6003 
6004 
6005 
6006 
6007 
6008 
6009 
6010 
6011 
6012 
6013 
6014 
6015 
6016 
6017 
6018 
6019 
6020 
6021 
6022 
6023 
6024 
6025 
6026 
6027 
6028 
6029 
6030 
6031 
6032 
6033 
6034 
6035 
6036 
6037 
6038 
6039 
6040 
6041 
6042 6661 
6043 6893 
6044 
6045 
6046 
6047 
6048 
6049 
6050 
6051 
6052 
6053 
6054 
6055 
6056 
6057 
6058 
6059 
6060 
6061 
6062 
6063 
6064 
6065 
6066 
6067 
6068 
6069 
6070 
6071 
6072 
6073 
6074 
6075 
6076 
6077 
6078 
6079 
6080 
6081 
6082 
6083 
6084 
6085 
6086 
6087 
6088 
6089 
6090 
6091 
6092 
6093 
6094 
6095 
6096 
6097 
6098 
6099 
6100 
6101 
6102 
6103 
6104 
6105 
6106 
6107 
6108 
6109 
6110 
6111 
6112 
6113 
6114 
6115 
6116 
6117 
6118 
6119 
6120 
6121 
6122 
6123 
6124 
6125 
6126 
6127 
6128 
6129 
6130 
6131 
6132 
6133 
6134 
6135 
6136 
6137 
6138 
6139 6556 
6140 
6141 
6142 
6143 
6144 
6145 
6146 
6147 
6148 
6149 
6150 
6151 
6152 
6153 
6154 
6155 
6156 
6157 
6158 
6159 
6160 
6161 
6162 
6163 
6164 
6165 
6166 
6167 
6168 
6169 
6170 
6171 
6172 
6173 
6174 
6175 
6176 
6177 
6178 
6179 
6180 
6181 
6182 6286 
6183 
6184 
6185 
6186 
6187 
6188 
6189 
6190 
6191 
6192 
6193 
6194 
6195 6326 
6196 
6197 
6198 
6199 
6200 
6201 8830 8831 
6202 
6203 
6204 
6205 
6206 
6207 
6208 
6209 
6210 
6211 
6212 
6213 
6214 6669 
6215 
6216 
6217 
6218 
6219 
6220 
6221 
6222 
6223 
6224 
6225 
6226 
6227 
6228 
6229 
6230 
6231 
6232 
6233 
6234 
6235 
6236 
6237 
6238 
6239 
6240 
6241 
6242 
6243 
6244 
6245 
6246 
6247 
6248 
6249 
6250 
6251 
6252 
6253 
6254 
6255 
6256 
6257 
6258 
6259 
6260 
6261 
6262 
6263 
6264 
6265 
6266 
6267 
6268 
6269 
6270 
6271 
6272 
6273 
6274 
6275 
6276 
6277 
6278 6360 
6279 
6280 
6281 
6282 
6283 
6284 
6285 
6286 6002 
6287 
6288 
6289 
6290 
6291 
6292 
6293 
6294 
6295 
6296 
6297 
6298 
6299 
6300 
6301 
6302 
6303 
6304 
6305 
6306 
6307 
6308 
6309 
6310 
6311 
6312 
6313 
6314 
6315 
6316 
6317 
6318 
6319 
6320 
6321 
6322 
6323 
6324 
6325 
6326 
6327 
6328 
6329 
6330 
6331 
6332 
6333 
6334 
6335 
6336 
6337 
6338 
6339 
6340 
6341 
6342 
6343 
6344 
6345 
6346 
6347 6693 
6348 
6349 
6350 
6351 
6352 
6353 
6354 
6355 
6356 
6357 
6358 
6359 
6360 
6361 
6362 
6363 
6364 
6365 
6366 
6367 
6368 
6369 
6370 
6371 
6372 
6373 
6374 
6375 
6376 
6377 
6378 
6379 
6380 
6381 
6382 
6383 
6384 
6385 
6386 
6387 
6388 
6389 
6390 
6391 
6392 
6393 
6394 
6395 
6396 
6397 
6398 
6399 
6400 
6401 
6402 
6403 
6404 
6405 
6406 
6407 
6408 
6409 
6410 
6411 
6412 
6413 
6414 
6415 
6416 
6417 
6418 
6419 
6420 
6421 
6422 
6423 
6424 
6425 
6426 
6427 
6428 
6429 
6430 
6431 
6432 
6433 
6434 
6435 
6436 
6437 
6438 
6439 
6440 6002 
6441 
6442 
6443 6286 
6444 
6445 
6446 
6447 
6448 
6449 
6450 
6451 
6452 
6453 
6454 6590 6360 
6455 
6456 
6457 
6458 
6459 
6460 
6461 
6462 
6463 6007 
6464 
6465 
6466 
6467 
6468 
6469 
6470 
6471 
6472 
6473 
6474 
6475 
6476 
6477 
6478 
6479 
6480 
6481 
6482 
6483 
6484 
6485 
6486 
6487 6536 
6488 
6489 
6490 
6491 
6492 
6493 
6494 
6495 
6496 6360 
6497 
6498 
6499 
6500 
6501 6452 
6502 
6503 
6504 
6505 
6506 
6507 
6508 
6509 
6510 
6511 
6512 
6513 
6514 
6515 
6516 
6517 
6518 
6519 
6520 
6521 6826 
6522 
6523 
6524 
6525 
6526 
6527 
6528 
6529 6797 
6530 
6531 
6532 
6533 
6534 
6535 
6536 
6537 
6538 
6539 
6540 
6541 
6542 
6543 
6544 
6545 
6546 
6547 
6548 
6549 
6550 
6551 
6552 
6553 
6554 
6555 
6556 6120 
6557 
6558 
6559 
6560 
6561 
6562 
6563 
6564 
6565 
6566 
6567 
6568 
6569 
6570 
6571 
6572 
6573 
6574 
6575 
6576 
6577 
6578 
6579 
6580 
6581 
6582 
6583 
6584 
6585 
6586 
6587 
6588 
6589 
6590 6360 5822 
6591 
6592 
6593 
6594 
6595 
6596 
6597 
6598 
6599 
6600 
6601 
6602 
6603 
6604 
6605 
6606 
6607 
6608 
6609 
6610 
6611 
6612 
6613 
6614 
6615 
6616 
6617 
6618 
6619 
6620 
6621 
6622 
6623 
6624 
6625 
6626 
6627 
6628 
6629 
6630 
6631 
6632 
6633 
6634 
6635 
6636 
6637 
6638 
6639 
6640 
6641 
6642 
6643 
6644 
6645 
6646 
6647 
6648 
6649 
6650 
6651 
6652 
6653 
6654 
6655 
6656 
6657 
6658 
6659 
6660 
6661 
6662 
6663 
6664 
6665 
6666 
6667 6360 
6668 
6669 
6670 
6671 
6672 
6673 
6674 
6675 
6676 6715 
6677 
6678 
6679 
6680 
6681 
6682 
6683 
6684 
6685 
6686 
6687 
6688 
6689 
6690 
6691 
6692 
6693 
6694 
6695 
6696 
6697 
6698 
6699 
6700 
6701 
6702 
6703 
6704 
6705 
6706 
6707 
6708 
6709 
6710 
6711 
6712 
6713 
6714 
6715 
6716 
6717 
6718 
6719 
6720 
6721 
6722 
6723 
6724 
6725 
6726 
6727 
6728 
6729 
6730 
6731 
6732 
6733 
6734 
6735 
6736 
6737 
6738 
6739 
6740 
6741 
6742 
6743 
6744 
6745 6360 5822 6840 
6746 
6747 
6748 
6749 
6750 
6751 
6752 
6753 
6754 
6755 
6756 
6757 
6758 
6759 
6760 
6761 
6762 5912 
6763 
6764 
6765 
6766 
6767 
6768 
6769 
6770 
6771 
6772 
6773 
6774 
6775 
6776 
6777 
6778 
6779 
6780 
6781 
6782 
6783 
6784 
6785 
6786 
6787 
6788 
6789 
6790 
6791 
6792 
6793 
6794 
6795 
6796 6148 
6797 
6798 
6799 
6800 
6801 
6802 
6803 
6804 
6805 
6806 
6807 
6808 
6809 
6810 
6811 
6812 
6813 
6814 
6815 
6816 
6817 
6818 
6819 
6820 
6821 
6822 
6823 
6824 
6825 
6826 
6827 6360 5822 6840 
6828 
6829 
6830 
6831 
6832 
6833 
6834 
6835 
6836 
6837 
6838 
6839 
6840 
6841 
6842 
6843 
6844 
6845 
6846 
6847 
6848 
6849 
6850 
6851 
6852 
6853 
6854 
6855 
6856 
6857 
6858 
6859 6662 
6860 
6861 
6862 
6863 
6864 
6865 
6866 
6867 
6868 
6869 
6870 
6871 
6872 
6873 
6874 
6875 
6876 
6877 
6878 
6879 
6880 
6881 
6882 
6883 
6884 
6885 6586 
6886 
6887 
6888 
6889 
6890 
6891 
6892 
6893 6893 6043 
6894 
6895 
6896 
6897 
6898 
6899 
6900 
6901 
6902 
6903 
6904 
6905 
6906 
6907 
6908 
6909 
6910 
6911 
6912 
6913 
6914 
6915 
6916 
6917 
6918 
6919 
6920 
6921 
6922 
6923 
6924 
6925 6970 
6926 
6927 
6928 
6929 
6930 
6931 
6932 
6933 
6934 
6935 
6936 
6937 
6938 
6939 
6940 
6941 
6942 
6943 
6944 
6945 6895 
6946 
6947 5983 5822 
6948 
6949 
6950 
6951 
6952 
6953 
6954 
6955 
6956 
6957 
6958 
6959 
6960 
6961 
6962 
6963 
6964 
6965 
6966 
6967 
6968 
6969 
6970 
6971 
6972 
6973 
6974 
6975 
6976 
6977 6360 6745 
6978 
6979 
6980 
6981 
6982 
6983 
6984 
6985 
6986 
6987 
6988 
6989 
6990 
6991 
6992 
6993 
6994 
6995 
6996 
6997 8030 8075 7612 
6998 
6999 
7000 7295 7295 
7001 
7002 
7003 
7004 
7005 
7006 
7007 
7008 
7009 
7010 
7011 
7012 
7013 
7014 
7015 
7016 
7017 
7018 
7019 
7020 
7021 
7022 
7023 
7024 3093 
7025 
7026 
7027 
7028 
7029 
7030 
7031 
7032 
7033 
7034 7192 
7035 
7036 
7037 
7038 
7039 
7040 
7041 
7042 
7043 4122 7559 7547 
7044 
7045 
7046 
7047 
7048 
7049 
7050 
7051 
7052 
7053 
7054 
7055 
7056 
7057 7462 
7058 
7059 
7060 
7061 
7062 
7063 
7064 
7065 
7066 
7067 
7068 
7069 
7070 
7071 
7072 
7073 7073 
7074 
7075 
7076 
7077 
7078 
7079 
7080 
7081 
7082 
7083 
7084 
7085 
7086 
7087 
7088 
7089 
7090 
7091 
7092 
7093 
7094 
7095 
7096 
7097 
7098 
7099 
7100 
7101 
7102 
7103 
7104 
7105 
7106 
7107 
7108 
7109 
7110 
7111 
7112 
7113 
7114 
7115 
7116 
7117 
7118 
7119 
7120 
7121 
7122 
7123 
7124 
7125 
7126 
7127 
7128 
7129 
7130 
7131 
7132 
7133 
7134 
7135 
7136 
7137 
7138 
7139 
7140 
7141 
7142 
7143 
7144 
7145 
7146 
7147 
7148 
7149 
7150 
7151 
7152 
7153 
7154 
7155 
7156 
7157 
7158 
7159 
7160 
7161 
7162 
7163 
7164 
7165 
7166 
7167 
7168 
7169 
7170 
7171 
7172 
7173 
7174 
7175 
7176 
7177 
7178 
7179 
7180 
7181 
7182 
7183 
7184 
7185 
7186 
7187 
7188 
7189 
7190 
7191 
7192 
7193 
7194 
7195 
7196 
7197 
7198 
7199 
7200 
7201 
7202 
7203 
7204 
7205 
7206 
7207 
7208 
7209 
7210 
7211 
7212 
7213 
7214 
7215 
7216 
7217 
7218 
7219 
7220 
7221 
7222 
7223 
7224 
7225 
7226 7274 
7227 
7228 
7229 
7230 
7231 
7232 
7233 
7234 
7235 
7236 
7237 
7238 
7239 
7240 
7241 
7242 
7243 
7244 
7245 
7246 
7247 
7248 
7249 
7250 
7251 
7252 
7253 
7254 
7255 
7256 
7257 
7258 
7259 
7260 
7261 
7262 
7263 
7264 
7265 
7266 
7267 
7268 
7269 
7270 
7271 
7272 
7273 
7274 
7275 
7276 
7277 
7278 
7279 
7280 
7281 
7282 
7283 
7284 
7285 
7286 
7287 
7288 
7289 
7290 
7291 
7292 
7293 
7294 
7295 7295 
7296 
7297 
7298 
7299 
7300 
7301 
7302 
7303 
7304 
7305 
7306 
7307 
7308 
7309 
7310 
7311 
7312 
7313 
7314 
7315 
7316 
7317 
7318 
7319 
7320 
7321 
7322 
7323 
7324 
7325 
7326 
7327 
7328 
7329 
7330 
7331 
7332 
7333 
7334 
7335 
7336 
7337 
7338 
7339 
7340 
7341 
7342 
7343 
7344 
7345 
7346 
7347 
7348 
7349 
7350 
7351 
7352 
7353 
7354 
7355 
7356 
7357 
7358 
7359 
7360 
7361 
7362 
7363 
7364 
7365 
7366 
7367 
7368 
7369 
7370 
7371 
7372 
7373 
7374 
7375 
7376 
7377 
7378 
7379 
7380 
7381 
7382 
7383 
7384 7059 
7385 
7386 
7387 
7388 
7389 
7390 
7391 
7392 
7393 
7394 
7395 
7396 
7397 
7398 
7399 
7400 
7401 
7402 
7403 
7404 
7405 
7406 
7407 
7408 
7409 
7410 
7411 
7412 
7413 7966 
7414 
7415 
7416 
7417 
7418 
7419 
7420 
7421 
7422 
7423 
7424 
7425 
7426 7274 
7427 
7428 
7429 
7430 
7431 
7432 
7433 
7434 
7435 
7436 
7437 
7438 
7439 
7440 
7441 
7442 
7443 
7444 
7445 
7446 
7447 
7448 
7449 
7450 
7451 
7452 7669 
7453 
7454 
7455 
7456 
7457 
7458 
7459 
7460 
7461 
7462 
7463 
7464 
7465 
7466 
7467 
7468 
7469 4122 
7470 8170 
7471 
7472 
7473 
7474 
7475 
7476 
7477 
7478 
7479 
7480 
7481 
7482 
7483 
7484 
7485 
7486 
7487 
7488 
7489 
7490 
7491 
7492 
7493 
7494 
7495 
7496 7573 
7497 
7498 
7499 
7500 
7501 
7502 
7503 
7504 
7505 7086 
7506 
7507 
7508 
7509 7571 
7510 
7511 
7512 
7513 8170 7994 
7514 
7515 
7516 
7517 
7518 
7519 
7520 
7521 
7522 
7523 
7524 
7525 
7526 
7527 
7528 
7529 
7530 
7531 
7532 
7533 
7534 
7535 
7536 
7537 
7538 
7539 
7540 
7541 
7542 
7543 
7544 
7545 
7546 
7547 
7548 
7549 
7550 
7551 
7552 
7553 
7554 
7555 
7556 
7557 
7558 
7559 4007 4261 7547 
7560 
7561 
7562 
7563 
7564 
7565 
7566 
7567 
7568 
7569 
7570 
7571 7431 
7572 
7573 
7574 
7575 
7576 
7577 
7578 
7579 
7580 
7581 
7582 
7583 
7584 
7585 
7586 
7587 
7588 
7589 
7590 
7591 
7592 
7593 
7594 
7595 
7596 
7597 
7598 
7599 
7600 
7601 
7602 
7603 
7604 
7605 
7606 
7607 
7608 
7609 
7610 
7611 
7612 
7613 
7614 
7615 
7616 
7617 3455 
7618 
7619 
7620 
7621 
7622 
7623 
7624 
7625 
7626 
7627 
7628 
7629 
7630 
7631 
7632 
7633 
7634 
7635 
7636 
7637 
7638 
7639 
7640 
7641 
7642 
7643 
7644 
7645 
7646 
7647 
7648 
7649 
7650 
7651 
7652 
7653 
7654 
7655 
7656 
7657 
7658 
7659 
7660 
7661 
7662 
7663 
7664 
7665 
7666 
7667 
7668 
7669 
7670 
7671 
7672 
7673 
7674 
7675 
7676 
7677 
7678 
7679 
7680 
7681 
7682 
7683 
7684 
7685 
7686 
7687 
7688 
7689 
7690 
7691 
7692 
7693 
7694 
7695 
7696 
7697 
7698 
7699 
7700 
7701 
7702 
7703 
7704 
7705 
7706 
7707 
7708 
7709 
7710 
7711 
7712 
7713 
7714 
7715 
7716 
7717 
7718 
7719 
7720 
7721 
7722 
7723 
7724 
7725 
7726 
7727 
7728 
7729 
7730 
7731 
7732 
7733 
7734 
7735 
7736 
7737 
7738 
7739 
7740 
7741 
7742 
7743 
7744 
7745 
7746 
7747 
7748 
7749 
7750 
7751 
7752 
7753 
7754 
7755 
7756 
7757 
7758 
7759 
7760 
7761 
7762 
7763 
7764 
7765 
7766 
7767 
7768 
7769 
7770 
7771 
7772 
7773 
7774 
7775 
7776 
7777 
7778 
7779 
7780 
7781 
7782 
7783 
7784 
7785 
7786 
7787 
7788 
7789 
7790 
7791 
7792 
7793 
7794 
7795 
7796 
7797 
7798 
7799 
7800 
7801 
7802 
7803 
7804 
7805 
7806 
7807 
7808 
7809 
7810 
7811 
7812 
7813 
7814 
7815 
7816 
7817 
7818 
7819 
7820 
7821 
7822 
7823 
7824 
7825 
7826 
7827 
7828 
7829 
7830 
7831 
7832 
7833 
7834 
7835 
7836 
7837 
7838 
7839 
7840 
7841 
7842 
7843 
7844 
7845 
7846 
7847 
7848 
7849 8075 8030 
7850 
7851 
7852 
7853 
7854 
7855 
7856 
7857 
7858 
7859 
7860 
7861 
7862 
7863 
7864 
7865 
7866 
7867 
7868 
7869 
7870 
7871 
7872 
7873 
7874 
7875 
7876 
7877 
7878 
7879 
7880 
7881 
7882 
7883 
7884 
7885 7161 
7886 
7887 
7888 
7889 
7890 
7891 
7892 
7893 
7894 
7895 
7896 
7897 
7898 
7899 
7900 
7901 
7902 
7903 
7904 
7905 
7906 
7907 
7908 
7909 
7910 
7911 
7912 
7913 
7914 
7915 
7916 
7917 
7918 
7919 
7920 
7921 
7922 
7923 
7924 
7925 
7926 
7927 
7928 
7929 
7930 
7931 
7932 
7933 
7934 
7935 
7936 
7937 
7938 
7939 
7940 
7941 
7942 
7943 
7944 
7945 
7946 
7947 
7948 
7949 
7950 
7951 
7952 
7953 
7954 
7955 
7956 
7957 
7958 
7959 
7960 
7961 
7962 
7963 
7964 
7965 8030 
7966 
7967 
7968 
7969 
7970 
7971 
7972 
7973 
7974 
7975 
7976 
7977 
7978 
7979 
7980 
7981 
7982 
7983 
7984 
7985 
7986 
7987 
7988 
7989 
7990 
7991 
7992 
7993 
7994 8170 
7995 
7996 
7997 
7998 
7999 
8000 
8001 
8002 
8003 
8004 
8005 
8006 
8007 
8008 
8009 
8010 
8011 
8012 7477 
8013 
8014 
8015 
8016 
8017 
8018 
8019 
8020 
8021 
8022 
8023 
8024 
8025 
8026 
8027 
8028 
8029 
8030 
8031 
8032 
8033 
8034 
8035 
8036 
8037 
8038 
8039 
8040 
8041 
8042 
8043 
8044 
8045 
8046 
8047 
8048 
8049 
8050 
8051 
8052 
8053 
8054 
8055 
8056 
8057 
8058 
8059 
8060 
8061 
8062 
8063 
8064 
8065 
8066 
8067 
8068 
8069 
8070 
8071 
8072 7576 
8073 
8074 
8075 
8076 
8077 
8078 
8079 
8080 
8081 
8082 
8083 
8084 
8085 
8086 
8087 
8088 
8089 
8090 
8091 
8092 
8093 
8094 
8095 
8096 
8097 
8098 
8099 
8100 
8101 
8102 
8103 
8104 
8105 
8106 
8107 
8108 
8109 
8110 
8111 
8112 
8113 
8114 
8115 
8116 
8117 1000 
8118 
8119 
8120 
8121 
8122 
8123 
8124 
8125 
8126 
8127 
8128 
8129 
8130 
8131 7161 
8132 
8133 
8134 
8135 
8136 
8137 
8138 
8139 
8140 
8141 
8142 
8143 8143 
8144 
8145 
8146 
8147 
8148 
8149 
8150 
8151 
8152 
8153 
8154 
8155 
8156 
8157 
8158 
8159 
8160 
8161 
8162 
8163 
8164 
8165 
8166 
8167 
8168 
8169 
8170 
8171 
8172 
8173 
8174 
8175 7425 
8176 
8177 
8178 
8179 
8180 
8181 
8182 
8183 
8184 
8185 
8186 
8187 
8188 
8189 8576 
8190 
8191 
8192 
8193 
8194 
8195 
8196 8753 
8197 8292 
8198 8198 
8199 
8200 8831 
8201 
8202 
8203 9023 
8204 8204 
8205 
8206 
8207 
8208 
8209 8427 
8210 8741 
8211 
8212 8493 
8213 
8214 
8215 8579 
8216 8441 
8217 
8218 8927 
8219 
8220 
8221 
8222 8427 8812 
8223 
8224 8931 
8225 8687 
8226 9142 
8227 8682 
8228 9126 
8229 
8230 
8231 9017 8268 
8232 
8233 9064 
8234 8427 
8235 9075 
8236 8527 
8237 
8238 8427 
8239 8662 
8240 8311 
8241 8257 8650 8285 
8242 8362 
8243 
8244 
8245 8462 
8246 
8247 
8248 
8249 8887 
8250 
8251 8251 
8252 
8253 9142 
8254 9116 
8255 
8256 
8257 
8258 
8259 9085 8256 8652 8437 
8260 
8261 
8262 8620 
8263 9096 9116 
8264 8830 8831 
8265 8830 8347 8209 8831 
8266 8947 
8267 8637 
8268 8231 
8269 8847 
8270 
8271 
8272 
8273 
8274 9091 8427 
8275 9088 
8276 
8277 8675 
8278 
8279 
8280 
8281 8374 9081 
8282 
8283 
8284 9088 8798 
8285 
8286 8286 
8287 8776 
8288 8543 
8289 
8290 
8291 
8292 
8293 
8294 
8295 8958 
8296 8313 8837 8884 
8297 8587 
8298 9116 
8299 8427 
8300 
8301 
8302 8973 
8303 
8304 8831 
8305 9142 
8306 
8307 
8308 
8309 8638 
8310 8965 
8311 
8312 
8313 8637 8331 
8314 8588 
8315 
8316 8987 
8317 
8318 8195 
8319 
8320 8698 
8321 8903 
8322 8476 
8323 
8324 8457 
8325 8792 8909 8830 8938 8762 
8326 8442 
8327 
8328 
8329 8355 
8330 8427 8257 
8331 8884 
8332 
8333 
8334 3259 
8335 
8336 
8337 8573 8270 8996 8466 8369 
8338 
8339 
8340 9119 
8341 
8342 8838 
8343 8727 
8344 
8345 8709 
8346 8688 8229 
8347 
8348 8223 
8349 
8350 8257 
8351 
8352 
8353 8907 9055 8667 
8354 
8355 8329 
8356 
8357 
8358 8462 
8359 
8360 
8361 
8362 
8363 
8364 8907 8256 8667 
8365 
8366 
8367 
8368 8556 8779 
8369 
8370 9139 
8371 
8372 
8373 9083 8592 9096 9083 
8374 9081 
8375 
8376 
8377 8377 
8378 
8379 
8380 8722 
8381 
8382 8794 
8383 
8384 8554 
8385 
8386 8951 
8387 
8388 
8389 8493 
8390 
8391 
8392 8419 8240 8311 
8393 
8394 
8395 
8396 8876 
8397 9142 
8398 8637 
8399 
8400 
8401 8592 8372 8619 
8402 8990 
8403 8403 
8404 8695 
8405 8965 
8406 9119 
8407 8478 
8408 8620 
8409 
8410 8256 
8411 8411 
8412 8403 8403 
8413 8413 8413 8413 
8414 
8415 8637 8331 
8416 8190 
8417 8215 
8418 8294 
8419 8240 
8420 
8421 8831 
8422 8329 8355 
8423 8662 8626 8434 8451 8569 
8424 8827 
8425 
8426 
8427 8830 
8428 9054 9036 
8429 8863 8292 
8430 
8431 8617 
8432 8864 
8433 8830 
8434 
8435 
8436 
8437 9014 8621 8889 
8438 8403 
8439 8997 
8440 
8441 
8442 
8443 8648 
8444 8444 
8445 
8446 
8447 
8448 9085 8667 
8449 
8450 
8451 8569 
8452 8592 
8453 8651 
8454 
8455 8753 
8456 
8457 
8458 
8459 
8460 
8461 
8462 
8463 9014 
8464 8637 8331 
8465 
8466 
8467 8467 
8468 
8469 
8470 8427 
8471 9116 
8472 9081 
8473 8665 
8474 
8475 8831 8209 
8476 
8477 8837 
8478 
8479 8830 
8480 
8481 8481 
8482 
8483 8219 9057 
8484 
8485 
8486 8587 
8487 8736 
8488 8934 8831 
8489 
8490 
8491 
8492 8829 
8493 
8494 
8495 
8496 8366 
8497 8427 8831 8498 
8498 8830 
8499 8831 
8500 8215 
8501 8681 
8502 8830 
8503 
8504 
8505 8819 9067 
8506 
8507 8756 
8508 8620 8797 
8509 9089 5735 
8510 8393 
8511 
8512 8973 
8513 8942 
8514 8358 8462 
8515 8830 
8516 
8517 8366 
8518 
8519 9109 
8520 8786 8586 8659 8520 
8521 8650 
8522 8592 
8523 8420 
8524 8743 
8525 
8526 8427 
8527 
8528 9014 8621 8889 
8529 8427 
8530 8831 
8531 8858 
8532 
8533 
8534 8427 
8535 
8536 
8537 
8538 
8539 8989 
8540 
8541 
8542 
8543 
8544 
8545 
8546 8427 
8547 8482 
8548 8868 
8549 
8550 9116 
8551 9004 8466 
8552 8427 
8553 8882 
8554 3259 2543 8334 
8555 9104 
8556 
8557 
8558 
8559 
8560 
8561 
8562 8773 8831 
8563 
8564 
8565 
8566 9075 
8567 
8568 
8569 
8570 
8571 9058 
8572 8773 
8573 
8574 
8575 
8576 
8577 8784 
8578 
8579 8845 
8580 
8581 
8582 8582 
8583 8801 
8584 
8585 8831 
8586 8206 
8587 1987 
8588 
8589 
8590 
8591 
8592 
8593 
8594 
8595 9096 9116 
8596 
8597 
8598 8813 
8599 8366 
8600 8887 8830 8292 8958 8427 8569 
8601 8831 8209 
8602 8270 
8603 
8604 
8605 9103 8611 8673 8941 
8606 
8607 
8608 8830 
8609 
8610 
8611 
8612 
8613 8427 8529 
8614 
8615 8358 9133 8462 
8616 
8617 
8618 8270 8466 
8619 8739 8372 
8620 
8621 8256 
8622 8927 
8623 8847 
8624 
8625 
8626 8434 8451 8569 
8627 8427 
8628 
8629 1644 8629 
8630 
8631 1987 8865 
8632 8830 
8633 8913 
8634 8214 
8635 8427 8831 
8636 
8637 8850 
8638 
8639 
8640 
8641 
8642 8570 
8643 
8644 
8645 
8646 
8647 
8648 
8649 
8650 8285 
8651 
8652 9014 8889 
8653 8374 9081 
8654 
8655 8294 
8656 8523 8420 
8657 8270 8827 
8658 
8659 8520 8586 
8660 8333 
8661 
8662 
8663 8366 
8664 
8665 
8666 9119 
8667 8256 
8668 8485 
8669 
8670 
8671 8671 
8672 
8673 8763 
8674 
8675 
8676 8361 
8677 8362 
8678 8662 
8679 8911 8782 
8680 
8681 
8682 
8683 8741 
8684 8376 
8685 8366 
8686 8611 8673 8941 
8687 8687 
8688 
8689 
8690 8830 8831 
8691 9067 
8692 8906 
8693 8863 8589 8311 
8694 8427 
8695 
8696 8666 8489 
8697 
8698 
8699 
8700 9081 
8701 8442 
8702 8830 
8703 8741 
8704 8366 
8705 8592 9083 
8706 8926 
8707 8698 
8708 
8709 8650 
8710 8830 8831 
8711 8529 8830 8831 
8712 8697 
8713 8650 
8714 
8715 
8716 8532 
8717 
8718 9119 9120 8311 
8719 8829 
8720 8989 
8721 9109 
8722 
8723 
8724 
8725 8725 
8726 
8727 
8728 8887 8830 8292 8958 8427 8569 
8729 8592 9096 
8730 
8731 
8732 8673 8941 
8733 
8734 
8735 8366 
8736 
8737 9069 
8738 
8739 
8740 8366 
8741 
8742 8742 
8743 8524 
8744 8828 
8745 
8746 
8747 8808 8466 
8748 8831 
8749 8546 8427 
8750 
8751 
8752 
8753 
8754 8754 
8755 8845 
8756 9116 
8757 9116 
8758 
8759 8427 
8760 8651 
8761 
8762 
8763 
8764 8366 
8765 9083 8592 
8766 
8767 
8768 
8769 
8770 
8771 
8772 
8773 8485 8668 
8774 8958 
8775 
8776 
8777 8343 8641 9070 
8778 8799 
8779 
8780 8830 8831 
8781 8255 
8782 
8783 8987 
8784 8763 
8785 
8786 8786 
8787 9115 
8788 8788 8557 
8789 
8790 
8791 
8792 
8793 9071 
8794 
8795 8956 8366 
8796 9075 
8797 8620 
8798 
8799 
8800 
8801 
8802 
8803 8831 
8804 
8805 
8806 
8807 
8808 8527 9047 8466 8331 8884 
8809 
8810 8987 8913 
8811 
8812 8830 
8813 
8814 8830 
8815 8770 
8816 8434 
8817 8817 
8818 
8819 
8820 8214 
8821 8907 8256 8667 
8822 
8823 8884 
8824 8903 
8825 8419 8240 8311 
8826 8855 8800 
8827 8270 
8828 
8829 8688 
8830 8830 8427 
8831 8427 
8832 8861 
8833 8831 8831 
8834 
8835 
8836 8329 8355 
8837 
8838 8808 8466 
8839 9119 8589 8989 
8840 8573 
8841 
8842 
8843 8843 
8844 8762 
8845 
8846 8374 9081 
8847 
8848 
8849 
8850 
8851 
8852 
8853 
8854 
8855 
8856 2078 8643 
8857 8588 
8858 
8859 8996 
8860 
8861 
8862 8830 
8863 
8864 8825 8419 8240 8311 
8865 8587 
8866 
8867 
8868 
8869 8446 
8870 8870 
8871 
8872 
8873 8831 
8874 
8875 8695 
8876 
8877 
8878 8339 
8879 8288 
8880 8427 
8881 
8882 
8883 9083 8592 9116 9061 
8884 
8885 
8886 8800 
8887 
8888 
8889 8896 8667 9055 8889 8889 
8890 
8891 
8892 8830 
8893 8532 
8894 8466 
8895 9109 8647 
8896 
8897 8352 
8898 
8899 
8900 8315 
8901 8339 
8902 8686 
8903 
8904 8280 
8905 8620 
8906 8855 
8907 
8908 9116 
8909 
8910 
8911 
8912 
8913 8743 
8914 8493 
8915 8427 
8916 
8917 8329 
8918 8786 8586 
8919 8592 
8920 9073 
8921 8920 
8922 2078 8643 
8923 8831 
8924 8637 8459 
8925 
8926 
8927 8280 8963 
8928 
8929 8527 
8930 
8931 8852 9145 
8932 8403 
8933 
8934 8861 
8935 8329 8355 
8936 8831 
8937 
8938 
8939 9118 
8940 
8941 
8942 8784 
8943 8831 
8944 8315 
8945 8573 8270 8996 8466 
8946 
8947 
8948 
8949 8493 
8950 8976 
8951 
8952 8786 8586 
8953 
8954 8830 8831 
8955 8592 9083 9061 
8956 8366 8704 
8957 9119 8589 8989 
8958 
8959 
8960 
8961 
8962 8198 
8963 8280 
8964 
8965 
8966 
8967 8830 8741 
8968 8667 9055 8621 8652 8437 9063 8889 
8969 8976 
8970 
8971 8606 
8972 
8973 
8974 
8975 
8976 
8977 
8978 
8979 8427 8831 
8980 
8981 8217 
8982 
8983 8830 
8984 
8985 
8986 
8987 
8988 
8989 8589 9119 
8990 
8991 8741 
8992 
8993 
8994 
8995 8427 8529 8529 
8996 
8997 
8998 
8999 
9000 8831 
9001 8987 
9002 
9003 
9004 8997 8439 
9005 9038 
9006 8329 8355 
9007 
9008 9136 
9009 8372 8739 
9010 
9011 8792 
9012 
9013 8366 
9014 
9015 
9016 
9017 8231 
9018 8742 
9019 9019 9019 
9020 8467 
9021 
9022 
9023 9023 
9024 8329 8355 
9025 8592 9096 
9026 8901 8987 8930 
9027 
9028 9124 
9029 8830 8831 
9030 
9031 9014 8621 8889 
9032 
9033 8831 
9034 8300 
9035 
9036 
9037 8687 
9038 
9039 8399 
9040 8855 8800 
9041 8214 
9042 
9043 
9044 
9045 8831 
9046 8847 
9047 8850 8313 8837 8331 8884 
9048 8890 8831 
9049 8951 
9050 8910 
9051 9140 8336 8738 
9052 
9053 
9054 9131 
9055 
9056 8454 
9057 8219 
9058 
9059 
9060 8831 
9061 8592 8619 8372 
9062 8202 
9063 8907 9055 8889 
9064 
9065 
9066 8792 8726 
9067 
9068 8375 
9069 9069 
9070 8727 
9071 
9072 
9073 
9074 
9075 9075 
9076 8792 8726 
9077 8493 
9078 9119 8989 
9079 8830 
9080 8209 
9081 
9082 8996 
9083 9083 8592 
9084 8980 
9085 9055 9063 8889 
9086 8448 9085 8256 8978 9063 
9087 8327 
9088 
9089 5735 
9090 9125 5868 
9091 8427 
9092 
9093 8808 
9094 8462 
9095 8427 
9096 8592 9083 9061 
9097 1987 8865 
9098 
9099 
9100 
9101 8852 
9102 
9103 8673 8941 
9104 
9105 8755 
9106 8996 
9107 
9108 
9109 
9110 8427 8529 
9111 
9112 
9113 8831 
9114 9069 
9115 
9116 
9117 8974 
9118 8973 
9119 
9120 
9121 9081 
9122 8306 
9123 
9124 9116 
9125 
9126 
9127 
9128 8668 8773 8831 
9129 8637 8459 
9130 8644 
9131 
9132 
9133 
9134 8467 
9135 8786 8586 8520 
9136 
9137 8366 
9138 9141 
9139 
9140 9140 8336 
9141 9141 
9142 
9143 9103 8611 8673 8941 
9144 9083 8592 
9145 
9146 8830 
9147 8195 8366 8354 
9148 8678 8662 8569 
9149 8339 
9150 
9151 
9152 9083 
9153 8666 9119 8539 8406 
9154 
9155 
9156 9479 9264 10159 
9157 9439 
9158 9530 
9159 2991 
9160 9240 10274 10303 
9161 
9162 9495 
9163 9920 
9164 
9165 
9166 
9167 
9168 9168 
9169 
9170 9297 
9171 
9172 
9173 9255 
9174 
9175 5398 2477 9887 2805 
9176 10274 9411 9457 9875 9519 9247 
9177 
9178 9751 10200 
9179 
9180 9364 9756 
9181 10159 
9182 10301 9584 10062 
9183 9505 
9184 
9185 10018 9609 
9186 10018 
9187 
9188 9717 
9189 9260 
9190 9190 
9191 10006 
9192 
9193 
9194 9920 9397 9331 9788 10101 
9195 10211 
9196 9570 
9197 10111 
9198 9354 
9199 10159 
9200 9571 9200 
9201 9364 
9202 
9203 9718 9782 9242 
9204 
9205 
9206 9463 9809 
9207 
9208 
9209 
9210 
9211 10137 
9212 
9213 
9214 
9215 
9216 10018 
9217 
9218 9218 
9219 10100 
9220 9467 9807 
9221 9458 
9222 
9223 9656 
9224 
9225 9225 
9226 
9227 
9228 
9229 
9230 
9231 9312 
9232 10078 
9233 9982 9711 
9234 10105 
9235 10161 
9236 
9237 9300 
9238 9439 
9239 9510 9510 9920 9788 
9240 9519 
9241 
9242 
9243 
9244 
9245 
9246 9759 
9247 9411 9757 9468 9519 
9248 9982 9711 9971 
9249 
9250 
9251 
9252 10071 
9253 9609 10159 
9254 9536 9394 
9255 9187 
9256 9570 
9257 10014 
9258 9525 
9259 9570 10018 
9260 
9261 10018 
9262 
9263 9364 
9264 
9265 
9266 
9267 10159 5062 2458 
9268 10104 9313 
9269 9671 
9270 
9271 10018 
9272 9414 
9273 
9274 9274 
9275 10301 
9276 10197 
9277 9594 
9278 9609 10159 9891 
9279 9759 10220 9582 
9280 
9281 10018 9959 9833 
9282 9525 
9283 9525 
9284 
9285 
9286 9519 
9287 9926 
9288 
9289 
9290 9288 
9291 9697 
9292 10031 
9293 
9294 9824 
9295 
9296 9470 9421 
9297 
9298 9916 9247 10303 9519 
9299 9448 
9300 10109 
9301 9187 
9302 10288 
9303 
9304 
9305 
9306 
9307 
9308 
9309 9686 
9310 
9311 9802 
9312 
9313 
9314 9638 
9315 
9316 
9317 9208 
9318 9751 9255 
9319 9281 
9320 
9321 9495 
9322 9792 
9323 
9324 9536 9394 
9325 10115 
9326 9190 
9327 
9328 10143 
9329 9329 
9330 
9331 
9332 10203 
9333 10282 
9334 
9335 
9336 
9337 
9338 10159 
9339 
9340 9611 9495 
9341 10014 
9342 
9343 
9344 9273 
9345 9165 
9346 
9347 
9348 9277 
9349 9354 
9350 
9351 
9352 
9353 
9354 
9355 
9356 
9357 
9358 9991 
9359 
9360 
9361 
9362 10018 10200 10174 9199 
9363 9826 
9364 
9365 9570 10018 
9366 3160 9792 
9367 
9368 
9369 
9370 9665 
9371 
9372 9372 
9373 9172 
9374 
9375 
9376 
9377 9769 
9378 
9379 
9380 10012 
9381 10159 
9382 
9383 
9384 
9385 
9386 9536 9324 
9387 
9388 
9389 9331 
9390 
9391 
9392 
9393 9656 
9394 9536 9324 
9395 10008 
9396 
9397 9331 
9398 
9399 
9400 
9401 9401 
9402 9378 
9403 9462 
9404 
9405 10153 
9406 
9407 
9408 9761 
9409 10301 9959 10189 
9410 
9411 9519 
9412 9303 
9413 10167 
9414 9364 
9415 
9416 9792 
9417 9364 
9418 
9419 9510 
9420 
9421 10275 9470 9428 
9422 9673 
9423 10288 
9424 10113 
9425 
9426 9998 
9427 
9428 9428 10275 9625 
9429 
9430 
9431 
9432 
9433 
9434 10012 
9435 9264 
9436 10018 
9437 
9438 
9439 
9440 9300 10095 
9441 
9442 9570 9442 9365 
9443 9869 5102 
9444 
9445 9510 9467 
9446 9495 
9447 10018 
9448 
9449 
9450 9450 
9451 9264 
9452 
9453 
9454 
9455 10113 
9456 
9457 9519 10303 
9458 9458 
9459 
9460 10008 
9461 9364 
9462 
9463 
9464 
9465 9930 
9466 
9467 9920 
9468 
9469 
9470 
9471 9300 
9472 
9473 
9474 
9475 
9476 10071 
9477 9187 
9478 
9479 
9480 9827 556 
9481 9802 
9482 10113 
9483 10275 9470 9421 9296 9625 
9484 10071 
9485 
9486 
9487 9756 
9488 
9489 
9490 9982 
9491 10013 9667 
9492 9519 
9493 
9494 
9495 
9496 9534 
9497 
9498 9920 
9499 
9500 9260 
9501 
9502 9512 
9503 
9504 10188 
9505 
9506 9715 
9507 
9508 
9509 
9510 9510 
9511 10159 
9512 
9513 
9514 10024 
9515 9350 
9516 9713 
9517 4208 
9518 9374 
9519 9875 
9520 2958 10178 
9521 10018 
9522 
9523 
9524 
9525 
9526 10294 
9527 9571 9527 
9528 9658 
9529 10018 
9530 9158 
9531 10113 
9532 
9533 
9534 
9535 9608 
9536 10292 
9537 9761 
9538 9538 
9539 9982 9734 
9540 9472 
9541 9541 
9542 
9543 9451 
9544 
9545 
9546 9792 
9547 9673 
9548 9638 
9549 
9550 10177 
9551 9715 
9552 9396 
9553 9880 9683 
9554 9931 
9555 
9556 
9557 
9558 
9559 
9560 
9561 9208 
9562 9581 9882 
9563 9787 
9564 4208 9525 
9565 
9566 
9567 9205 9462 4376 
9568 
9569 
9570 
9571 
9572 9606 
9573 9637 
9574 9926 9833 
9575 9755 
9576 9364 
9577 
9578 
9579 
9580 
9581 9882 
9582 10220 
9583 
9584 2815 10159 
9585 9982 
9586 9932 
9587 
9588 9165 
9589 9920 9734 
9590 
9591 9719 
9592 9887 
9593 
9594 9920 
9595 
9596 10018 
9597 9965 9711 
9598 9264 10018 9648 
9599 10215 9726 
9600 
9601 10159 
9602 9354 
9603 9920 
9604 
9605 9609 10159 9891 
9606 
9607 9424 10113 4455 
9608 
9609 
9610 9959 
9611 
9612 9612 9734 
9613 10113 
9614 
9615 9718 9782 9242 
9616 
9617 
9618 10164 
9619 9308 
9620 9959 9881 
9621 9666 
9622 
9623 
9624 9191 
9625 
9626 10018 2767 9931 9391 
9627 9920 9734 
9628 9264 
9629 
9630 
9631 10018 
9632 9315 10146 
9633 
9634 
9635 
9636 
9637 
9638 9756 
9639 10018 10020 9199 
9640 9450 
9641 9638 
9642 9193 
9643 
9644 
9645 10018 
9646 9388 
9647 
9648 
9649 9649 
9650 
9651 
9652 
9653 
9654 
9655 10303 9519 
9656 9930 
9657 
9658 
9659 
9660 
9661 10024 
9662 9244 
9663 9918 9800 10255 
9664 
9665 
9666 
9667 10071 
9668 10087 9668 
9669 
9670 9510 10018 9467 9788 9609 
9671 
9672 5090 9364 
9673 
9674 9510 
9675 
9676 9470 
9677 9364 
9678 10018 10159 
9679 
9680 9718 
9681 
9682 10075 
9683 
9684 5201 
9685 
9686 
9687 9687 
9688 
9689 9982 10018 9277 
9690 9418 
9691 9809 
9692 
9693 
9694 
9695 10062 
9696 
9697 
9698 9281 
9699 
9700 10045 9525 
9701 
9702 
9703 9769 
9704 9594 
9705 
9706 
9707 
9708 9448 
9709 
9710 10233 9809 
9711 
9712 9184 
9713 9713 
9714 
9715 
9716 9383 
9717 
9718 10113 
9719 9920 
9720 
9721 
9722 9836 
9723 
9724 9187 
9725 9331 
9726 
9727 10088 
9728 
9729 
9730 
9731 10268 9731 
9732 10018 9216 9353 
9733 
9734 9734 
9735 9776 
9736 
9737 
9738 9748 
9739 9467 9807 
9740 9187 
9741 9255 
9742 10052 
9743 9530 
9744 
9745 9745 
9746 9880 
9747 9571 
9748 
9749 
9750 10293 
9751 9833 10159 9255 9931 9187 
9752 10079 
9753 
9754 
9755 9809 
9756 
9757 9875 
9758 10275 
9759 
9760 9312 
9761 
9762 
9763 9792 
9764 
9765 9300 10109 
9766 
9767 
9768 9406 
9769 9769 
9770 10046 
9771 
9772 
9773 
9774 9794 
9775 9775 
9776 
9777 
9778 9606 9638 9364 
9779 
9780 
9781 
9782 9718 
9783 2458 9267 
9784 9982 10018 9277 
9785 9510 9920 9594 
9786 9505 9183 
9787 
9788 9920 9305 
9789 10007 
9790 9788 
9791 9609 
9792 
9793 
9794 9231 
9795 9342 
9796 10058 
9797 
9798 9231 
9799 
9800 
9801 
9802 
9803 
9804 9451 9277 
9805 10127 
9806 
9807 9510 
9808 9665 
9809 
9810 
9811 
9812 
9813 
9814 9530 
9815 
9816 
9817 9255 
9818 
9819 
9820 
9821 
9822 9916 
9823 9920 9467 9277 
9824 
9825 9675 
9826 
9827 
9828 
9829 10018 
9830 
9831 
9832 9736 
9833 
9834 
9835 
9836 
9837 9513 
9838 
9839 9581 9882 
9840 
9841 9665 
9842 
9843 
9844 9761 
9845 9800 
9846 9982 
9847 
9848 
9849 10303 9170 9915 9297 
9850 
9851 
9852 
9853 
9854 
9855 
9856 9759 
9857 
9858 10018 
9859 9354 
9860 9174 10014 
9861 
9862 9920 
9863 
9864 9240 9411 9757 
9865 9792 9432 
9866 9236 
9867 
9868 
9869 
9870 9505 
9871 
9872 9361 
9873 9510 9920 
9874 
9875 
9876 
9877 
9878 
9879 9308 
9880 
9881 10301 9584 
9882 
9883 9406 
9884 10203 
9885 9885 
9886 
9887 
9888 
9889 9755 9809 
9890 9207 
9891 
9892 9734 
9893 
9894 
9895 10233 9800 
9896 9896 
9897 
9898 
9899 9264 
9900 9387 
9901 9606 
9902 9495 
9903 9623 
9904 10177 
9905 
9906 
9907 10045 9525 
9908 9183 
9909 9199 
9910 10301 9959 10189 
9911 9159 
9912 
9913 10113 
9914 
9915 9297 9170 
9916 9875 
9917 
9918 
9919 9918 
9920 
9921 9158 
9922 
9923 9982 9331 9788 9324 
9924 
9925 9788 
9926 
9927 5201 2805 2477 2460 5398 
9928 
9929 9570 10032 
9930 
9931 
9932 
9933 
9934 9536 
9935 
9936 
9937 
9938 
9939 9578 
9940 9959 9881 9751 
9941 9608 
9942 10200 
9943 9982 10018 9277 
9944 10046 
9945 10050 
9946 10159 
9947 
9948 9999 
9949 
9950 9264 10018 10159 
9951 9673 
9952 9952 990 
9953 9191 
9954 
9955 9920 9591 
9956 
9957 9255 
9958 9264 10159 
9959 
9960 9255 
9961 
9962 
9963 9550 9913 10177 
9964 
9965 9982 9711 
9966 9187 
9967 9581 9882 
9968 9169 
9969 
9970 10167 
9971 
9972 9600 
9973 
9974 9603 
9975 10301 10018 9959 10159 10068 9751 2857 2858 9199 
9976 
9977 9525 
9978 10283 
9979 9229 
9980 
9981 
9982 9920 9734 
9983 
9984 
9985 
9986 
9987 
9988 9187 
9989 10159 
9990 9426 
9991 
9992 9165 
9993 9982 
9994 
9995 9914 
9996 
9997 
9998 9920 
9999 
10000 
10001 
10002 9545 
10003 9920 
10004 9920 
10005 9525 
10006 
10007 
10008 10008 
10009 10009 
10010 10010 
10011 
10012 
10013 
10014 
10015 
10016 
10017 10100 
10018 9609 10159 9891 
10019 
10020 9570 9401 9401 
10021 
10022 9525 
10023 
10024 
10025 9513 
10026 9330 
10027 9816 9303 
10028 9354 
10029 
10030 
10031 
10032 9570 
10033 
10034 
10035 
10036 
10037 
10038 10012 
10039 
10040 
10041 
10042 9999 
10043 9969 
10044 
10045 
10046 
10047 9536 
10048 9999 
10049 10007 
10050 9378 
10051 
10052 
10053 9986 
10054 9525 
10055 9312 
10056 
10057 
10058 
10059 
10060 10116 
10061 10222 
10062 10301 9281 9959 
10063 
10064 
10065 9557 10251 
10066 9947 
10067 9534 
10068 10301 9281 10018 9959 
10069 10018 9447 
10070 9364 
10071 
10072 
10073 9875 
10074 9920 9807 
10075 
10076 
10077 
10078 
10079 9744 9696 
10080 
10081 10231 
10082 9581 9882 
10083 
10084 
10085 9485 
10086 
10087 
10088 
10089 
10090 
10091 
10092 10053 
10093 
10094 
10095 
10096 9542 
10097 10191 
10098 9448 
10099 10099 
10100 
10101 9510 9510 9920 9788 
10102 10283 
10103 9479 
10104 
10105 
10106 
10107 
10108 10018 
10109 
10110 9472 
10111 
10112 
10113 
10114 
10115 9525 
10116 
10117 9297 9170 
10118 
10119 9982 
10120 
10121 
10122 9920 9305 
10123 9697 
10124 9675 
10125 
10126 
10127 
10128 
10129 
10130 
10131 10164 
10132 
10133 
10134 10018 
10135 10191 
10136 
10137 
10138 9479 10159 9352 
10139 9364 
10140 9833 
10141 10297 10016 
10142 10006 
10143 10143 
10144 10056 
10145 10018 
10146 9315 
10147 10159 
10148 
10149 9300 10109 
10150 
10151 9331 
10152 9264 
10153 
10154 
10155 
10156 9868 
10157 10111 
10158 10011 
10159 9479 9264 10159 
10160 9364 
10161 
10162 
10163 9462 
10164 9594 9277 
10165 9772 
10166 
10167 
10168 
10169 9194 
10170 
10171 
10172 9920 
10173 
10174 9199 
10175 
10176 10078 
10177 
10178 
10179 
10180 
10181 
10182 10301 9959 10068 
10183 
10184 
10185 9833 10159 9255 9931 9187 
10186 
10187 9288 
10188 
10189 10301 
10190 10014 
10191 
10192 
10193 10201 
10194 9467 9807 
10195 9249 
10196 9671 
10197 10197 
10198 
10199 
10200 
10201 
10202 9387 
10203 
10204 9802 
10205 
10206 9911 
10207 
10208 
10209 
10210 10283 
10211 1719 
10212 
10213 
10214 10016 9793 
10215 
10216 
10217 
10218 9684 
10219 
10220 9759 
10221 9300 10095 
10222 
10223 
10224 10105 
10225 
10226 9199 
10227 9414 
10228 
10229 9920 9591 10229 
10230 9675 10230 
10231 
10232 
10233 9755 9809 
10234 10088 
10235 9255 
10236 
10237 
10238 10301 9584 
10239 9833 
10240 
10241 9361 9532 10105 
10242 9312 
10243 10127 
10244 
10245 9167 
10246 9730 
10247 9891 
10248 9920 9807 
10249 10018 
10250 
10251 
10252 9187 
10253 10301 9959 
10254 
10255 
10256 
10257 
10258 
10259 9930 
10260 9707 
10261 
10262 10262 
10263 
10264 
10265 9363 
10266 
10267 10035 
10268 
10269 9772 
10270 9982 9331 9788 9324 
10271 
10272 9426 
10273 9753 
10274 9411 9247 9519 
10275 9625 
10276 10233 
10277 
10278 
10279 9982 
10280 
10281 9880 
10282 9462 
10283 
10284 10115 9536 
10285 
10286 
10287 
10288 
10289 10008 
10290 10006 
10291 
10292 
10293 
10294 
10295 9300 10095 
10296 9772 
10297 
10298 9534 
10299 9875 
10300 
10301 9926 9833 
10302 
10303 
10304 9981 
10305 9497 
10306 
10307 10062 
10308 9707 
10309 10309 
